0 0.323134 0.618938 0.568657 0.267611
2 0.713433 0.266088 0.379104 0.263647
2 0.452239 0.290867 0.131343 0.091186
1 0.271642 0.111734 0.304478 0.223468
1 0.637313 0.086689 0.313433 0.170478
1 0.834328 0.099840 0.331343 0.199680
1 0.037313 0.194725 0.074626 0.120921
10 0.325373 0.168955 0.194030 0.208142
10 0.876119 0.136247 0.119403 0.265629
10 0.706716 0.082725 0.135821 0.111009
10 0.553731 0.102548 0.119403 0.126868
10 0.244776 0.257167 0.489552 0.210124
9 0.947015 0.201663 0.031343 0.126868
7 0.615672 0.181115 0.016418 0.362230
7 0.413433 0.150123 0.011940 0.186337
7 0.017164 0.127593 0.028358 0.255185
9 0.625373 0.064159 0.068657 0.128318