0 0.498507 0.366667 0.122388 0.224876
0 0.388060 0.518905 0.110448 0.167164
0 0.754478 0.681095 0.344776 0.431841
0 0.381343 0.346766 0.079104 0.133333
0 0.308955 0.354726 0.041791 0.121393
5 0.117164 0.419403 0.049254 0.139303
5 0.226119 0.411443 0.046269 0.123383
2 0.819403 0.456219 0.298507 0.185075
2 0.596269 0.418408 0.165672 0.121393
2 0.072388 0.392537 0.144776 0.069652
8 0.156716 0.318905 0.017910 0.041791
8 0.176119 0.132836 0.026866 0.067662
8 0.200000 0.249254 0.050746 0.065672
9 0.808209 0.182587 0.037313 0.071642
7 0.802985 0.216418 0.047761 0.290547
7 0.520149 0.278109 0.040299 0.135323
8 0.438453 0.194530 0.037638 0.074411
10 0.752062 0.210970 0.269010 0.233615
10 0.339115 0.283193 0.059701 0.058458
10 0.278947 0.293144 0.055037 0.065920
10 0.207463 0.279104 0.080597 0.113433
1 0.094030 0.217662 0.188060 0.435323
1 0.938060 0.250498 0.123880 0.500995
1 0.585821 0.232338 0.300000 0.362189
1 0.378358 0.250249 0.123881 0.222886
1 0.302239 0.276119 0.049254 0.175124
2 0.884328 0.387562 0.052239 0.083582
2 0.260448 0.395522 0.037313 0.047761