0 0.526119 0.627363 0.320896 0.443781
5 0.494776 0.478109 0.189552 0.519403
5 0.295720 0.073134 0.015320 0.047761
5 0.309510 0.071606 0.012260 0.049751
5 0.323636 0.068763 0.010661 0.042644
5 0.346557 0.079780 0.014925 0.022033
5 0.450235 0.063788 0.013326 0.046908
10 0.523796 0.021855 0.047441 0.042644
10 0.538454 0.081201 0.037313 0.074627
10 0.510203 0.098969 0.031983 0.046198
10 0.223584 0.094754 0.203528 0.189507
10 0.166066 0.327227 0.332132 0.654454
10 0.726297 0.039575 0.047490 0.079150
10 0.838916 0.043193 0.058345 0.086386
10 0.677451 0.039575 0.058345 0.079150