0 0.435821 0.803380 0.202985 0.393240
0 0.917164 0.804504 0.165672 0.390992
5 0.460448 0.634811 0.237313 0.730378
5 0.900000 0.628068 0.200000 0.743863
5 0.701493 0.682054 0.035821 0.209025
5 0.679104 0.674188 0.047761 0.202283
9 0.107463 0.360650 0.068657 0.128112
10 0.766418 0.171853 0.088060 0.186550
10 0.847761 0.137015 0.074627 0.265215
10 0.735821 0.455048 0.137313 0.375347
10 0.132090 0.449429 0.264179 0.719227
10 0.225373 0.493257 0.197015 0.307919
10 0.949254 0.311203 0.101492 0.609096
10 0.661194 0.493257 0.080597 0.186550