0 0.262584 0.770138 0.245746 0.420432
0 0.428150 0.631631 0.139534 0.225933
0 0.746788 0.762279 0.235333 0.455796
5 0.265708 0.606090 0.222838 0.595285
5 0.731168 0.579568 0.224920 0.624754
5 0.434398 0.535363 0.127038 0.355599
5 0.519785 0.475873 0.035404 0.106953
5 0.547916 0.469071 0.040705 0.111627
5 0.613233 0.533815 0.074784 0.312556
0 0.615600 0.606149 0.070051 0.166101
0 0.548862 0.502113 0.031239 0.068762
0 0.519517 0.503452 0.025559 0.069655
7 0.721796 0.192534 0.172855 0.381139
10 0.058401 0.302554 0.116802 0.605108
10 0.214684 0.243615 0.274903 0.447937
10 0.375044 0.137525 0.470667 0.267191
10 0.409407 0.338900 0.147864 0.131631
10 0.815602 0.268173 0.368796 0.536346