0 0.529851 0.736153 0.352239 0.379436
5 0.565672 0.561028 0.173134 0.554561
10 0.782090 0.297098 0.107463 0.594196
10 0.931343 0.298342 0.041791 0.591708
10 0.969403 0.302405 0.061194 0.604809
10 0.853731 0.273134 0.068657 0.535987
10 0.476866 0.285075 0.082090 0.565174
10 0.564925 0.153731 0.061194 0.302488
10 0.691791 0.267828 0.061194 0.530680
10 0.387313 0.257297 0.067164 0.514594
10 0.322388 0.242703 0.068657 0.485406
10 0.229851 0.224046 0.089552 0.437811
10 0.139552 0.198922 0.031343 0.397844
10 0.078358 0.197595 0.085075 0.395190
10 0.011194 0.226783 0.022388 0.453566
10 0.164179 0.198922 0.023881 0.397844