0 0.535821 0.633333 0.250746 0.439801
0 0.783582 0.693035 0.238806 0.551244
0 0.950000 0.544776 0.100000 0.405970
5 0.106716 0.535572 0.213432 0.928856
5 0.167910 0.360697 0.108955 0.415920
5 0.285075 0.509950 0.128358 0.666667
5 0.553731 0.478109 0.146269 0.599005
5 0.809701 0.466169 0.207463 0.750249
5 0.920149 0.291045 0.088060 0.384080
5 0.657463 0.197512 0.141791 0.181095
5 0.634328 0.383582 0.083582 0.445771
5 0.467164 0.263184 0.077612 0.463682
5 0.526866 0.181592 0.050746 0.137313
5 0.751199 0.307273 0.060412 0.332623
5 0.391045 0.325871 0.110448 0.310448