0 0.422388 0.504726 0.722388 0.990547
1 0.913433 0.199502 0.173134 0.105473
1 0.073134 0.258209 0.146268 0.143284
2 0.170149 0.297015 0.089552 0.037811
2 0.032090 0.290050 0.064179 0.047761
10 0.835821 0.122139 0.083582 0.244278
10 0.932836 0.080348 0.101493 0.160696
10 0.237313 0.150000 0.161194 0.300000
10 0.085821 0.092289 0.168657 0.184577
10 0.650000 0.137065 0.129851 0.274129
10 0.741045 0.130100 0.102985 0.260199
10 0.567910 0.163682 0.073134 0.212935
10 0.376866 0.409701 0.147761 0.819402