0 0.359701 0.709950 0.232836 0.195025
0 0.942537 0.634328 0.114925 0.163184
0 0.969403 0.641294 0.061194 0.141294
0 0.102239 0.670149 0.144776 0.167164
2 0.914925 0.842040 0.170149 0.315920
2 0.041791 0.715920 0.083582 0.202985
5 0.377612 0.658209 0.113433 0.362189
5 0.804478 0.533831 0.038806 0.185075
5 0.773881 0.587562 0.091045 0.328358
5 0.662687 0.604478 0.098507 0.294527
5 0.496269 0.513930 0.067164 0.296517
5 0.386567 0.471144 0.053731 0.155224
5 0.167164 0.599502 0.098507 0.268657
5 0.084328 0.603483 0.082090 0.288557
1 0.319403 0.328109 0.638806 0.656218
1 0.818657 0.312189 0.362686 0.624378