5 0.365672 0.710963 0.080597 0.361330
5 0.941045 0.626802 0.049254 0.242383
5 0.904478 0.558351 0.047761 0.100993
5 0.866418 0.640268 0.067164 0.237894
5 0.764179 0.625680 0.056716 0.271559
5 0.068657 0.713207 0.074627 0.401727
5 0.216418 0.717696 0.089552 0.352353
5 0.161194 0.608848 0.068657 0.269314
5 0.289552 0.657100 0.077612 0.325421
5 0.291045 0.717696 0.053731 0.208719
5 0.987562 0.566287 0.024876 0.068575
5 0.993781 0.585924 0.012438 0.085408
5 0.995439 0.526388 0.009121 0.033664
5 0.813018 0.618030 0.067993 0.189517
5 0.817164 0.548208 0.016584 0.034911
5 0.957504 0.556624 0.021973 0.050496
5 0.711443 0.634551 0.054726 0.253729
5 0.681592 0.542597 0.022388 0.049873
5 0.666874 0.555065 0.029436 0.091018
5 0.650498 0.649201 0.044776 0.231909
5 0.621476 0.592782 0.031509 0.178919
5 0.642413 0.536987 0.014511 0.031171
5 0.591211 0.651071 0.044776 0.258093
5 0.567164 0.625823 0.039801 0.247495
5 0.539801 0.545714 0.024046 0.046133
5 0.494196 0.622394 0.035655 0.218194
5 0.514925 0.637356 0.068823 0.246871
5 0.463101 0.618342 0.028192 0.223805
5 0.441957 0.629875 0.052239 0.265574
5 0.404643 0.641408 0.038972 0.302355
5 0.347430 0.566599 0.023217 0.062965
5 0.393657 0.653876 0.056799 0.281159
5 0.239635 0.535740 0.024876 0.054860
5 0.223673 0.534493 0.020315 0.031171
5 0.314677 0.562235 0.021559 0.074186
5 0.125207 0.547273 0.014925 0.038028
5 0.182569 0.516717 0.014392 0.045687
5 0.111674 0.706279 0.058102 0.322215
5 0.032249 0.675420 0.062367 0.350269
5 0.108742 0.543568 0.015991 0.033664
0 0.183582 0.785024 0.158209 0.267070
0 0.452239 0.693009 0.062687 0.186276
0 0.506716 0.681787 0.055224 0.136901
0 0.635075 0.698619 0.079104 0.152611
0 0.727612 0.689642 0.076119 0.157100
0 0.800000 0.672810 0.053731 0.159344
0 0.964925 0.696375 0.070149 0.161589
10 0.346269 0.295770 0.298507 0.392750
10 0.523881 0.238218 0.238806 0.476435
10 0.744030 0.240462 0.404478 0.480924
10 0.891045 0.267716 0.217910 0.412948
1 0.249254 0.247195 0.498507 0.494389