5 0.360448 0.445274 0.252239 0.871642
5 0.628358 0.415423 0.131343 0.660697
5 0.929851 0.381592 0.119403 0.489552
5 0.911940 0.351741 0.176119 0.700498
0 0.442537 0.644279 0.392537 0.565174
0 0.649254 0.531841 0.361194 0.435821
0 0.896269 0.487065 0.207462 0.274627
0 0.879104 0.814179 0.241791 0.371642
2 0.079104 0.228358 0.086567 0.067662
2 0.163433 0.220398 0.049254 0.051741
2 0.225373 0.216418 0.065672 0.055721
2 0.791045 0.171642 0.068657 0.045771
10 0.120149 0.120149 0.144776 0.240298
10 0.565672 0.125871 0.083582 0.137313
10 0.736567 0.131841 0.091045 0.141294
10 0.877612 0.115920 0.137313 0.157214
10 0.306716 0.100995 0.067164 0.067662
8 0.408209 0.049254 0.022388 0.043781
8 0.534328 0.115920 0.017910 0.041791
7 0.507463 0.102985 0.038806 0.187065
7 0.200746 0.122886 0.040299 0.167164
9 0.714179 0.157711 0.022388 0.037811
9 0.484328 0.081095 0.037313 0.019900
1 0.034328 0.177612 0.068656 0.161194