0 0.721642 0.635382 0.392537 0.447543
10 0.531343 0.333290 0.271642 0.595232
10 0.641791 0.346717 0.140299 0.563904
10 0.941791 0.504475 0.077612 0.217058
10 0.832836 0.482098 0.101493 0.217058
10 0.728358 0.525734 0.095522 0.187968
10 0.304478 0.512307 0.122388 0.161115
1 0.358955 0.559299 0.105970 0.152165
1 0.500746 0.606291 0.076119 0.071607
1 0.399254 0.595103 0.088060 0.058181
2 0.083582 0.585033 0.038806 0.033566
2 0.253731 0.604054 0.026866 0.035803
7 0.191045 0.524615 0.017910 0.167829
7 0.155970 0.550349 0.013433 0.116361
7 0.069403 0.552586 0.025373 0.098459
1 0.011940 0.604054 0.023880 0.125312