0 0.606716 0.526931 0.356716 0.428658
0 0.115672 0.197022 0.117910 0.240139
5 0.100746 0.138347 0.091045 0.276694
5 0.636567 0.388908 0.216418 0.547606
5 0.470896 0.106128 0.031343 0.085283
5 0.982836 0.308114 0.034328 0.134657
5 0.885075 0.236296 0.026866 0.103237
5 0.873881 0.248640 0.016418 0.065084
5 0.811940 0.234052 0.029851 0.040397
5 0.899254 0.208243 0.019403 0.060596
5 0.883842 0.191609 0.011681 0.046837
0 0.916937 0.227225 0.022064 0.043910
2 0.765737 0.163312 0.033744 0.046837
5 0.761843 0.168679 0.010383 0.032201
2 0.814731 0.179900 0.039585 0.040983
2 0.865347 0.193073 0.047372 0.045861
2 0.903958 0.179900 0.038936 0.033176
2 0.882544 0.155506 0.048021 0.033176
2 0.707008 0.168191 0.060350 0.031225
2 0.699221 0.160873 0.057755 0.057571
2 0.961389 0.228201 0.077222 0.061474
2 0.974367 0.178924 0.051265 0.042934
2 0.920831 0.166239 0.024659 0.029273
2 0.970149 0.154042 0.054510 0.022443