0 0.541045 0.853494 0.252239 0.293012
0 0.819403 0.887060 0.208955 0.225880
0 0.455970 0.728247 0.156716 0.315518
0 0.841791 0.413848 0.110448 0.120837
0 0.059701 0.577201 0.119402 0.286427
5 0.970149 0.346717 0.059701 0.331182
5 0.925373 0.366856 0.062687 0.349083
5 0.836567 0.393709 0.079104 0.353559
5 0.796269 0.318745 0.073134 0.382649
5 0.718657 0.426155 0.082090 0.391600
5 0.832090 0.730484 0.180597 0.476633
5 0.504478 0.742727 0.194030 0.514545
5 0.491791 0.494406 0.192537 0.232722
5 0.336567 0.519021 0.097015 0.514674
5 0.150746 0.591746 0.167164 0.521387
4 0.287313 0.685730 0.132836 0.221534
4 0.050000 0.738316 0.100000 0.281952
5 0.964925 0.876990 0.070149 0.246020
5 0.939552 0.062592 0.058209 0.125183