0 0.291045 0.725551 0.391045 0.448857
0 0.676119 0.716574 0.292537 0.381528
0 0.618657 0.682909 0.240299 0.350108
0 0.924627 0.718818 0.150746 0.345620
0 0.129104 0.707596 0.222388 0.390506
0 0.458209 0.647001 0.137313 0.233406
5 0.267910 0.478679 0.288060 0.704706
5 0.170896 0.419206 0.219403 0.451101
5 0.044776 0.585283 0.089552 0.410704
5 0.450746 0.446137 0.131343 0.181787
5 0.505224 0.478679 0.147761 0.386017
5 0.631343 0.494389 0.217910 0.498231
5 0.776119 0.459603 0.116418 0.226673
5 0.815672 0.425939 0.070149 0.186276
5 0.926119 0.487656 0.147761 0.403971
5 0.898365 0.438127 0.129353 0.232978
5 0.837598 0.461104 0.080313 0.238322
10 0.061194 0.187721 0.122388 0.375442
10 0.329104 0.183556 0.308955 0.361330