0 0.290766 0.697446 0.457760 0.455796
0 0.816798 0.771120 0.366404 0.457760
0 0.272102 0.602161 0.385069 0.304519
0 0.856582 0.483301 0.222004 0.172888
0 0.587426 0.732809 0.536346 0.373281
0 0.631631 0.453831 0.168959 0.110020
0 0.191552 0.586444 0.361493 0.300589
0 0.341847 0.406680 0.123772 0.074656
0 0.913065 0.391945 0.173870 0.135560
0 0.556974 0.642436 0.416503 0.330059
5 0.781925 0.354617 0.080550 0.139489
0 0.071709 0.401768 0.094303 0.072692
0 0.560904 0.411591 0.141454 0.092338
0 0.165029 0.396857 0.104126 0.082515
0 0.213163 0.385069 0.133595 0.094303
10 0.157171 0.180747 0.206287 0.361493
10 0.476424 0.230845 0.455796 0.461690
10 0.617878 0.188605 0.086444 0.377210
10 0.519646 0.211198 0.082515 0.422396
10 0.829568 0.134578 0.340864 0.269155