5 0.226866 0.479772 0.229851 0.496716
5 0.505970 0.396611 0.074627 0.253977
5 0.333644 0.395487 0.029229 0.098894
5 0.860448 0.376383 0.079104 0.294434
5 0.978358 0.373011 0.034328 0.202283
5 0.897388 0.373668 0.016169 0.053380
5 0.938433 0.375073 0.016169 0.046825
5 0.954602 0.373668 0.016169 0.055253
5 0.158209 0.439315 0.032836 0.065180
0 0.504478 0.443810 0.116418 0.173064
1 0.069403 0.240448 0.138806 0.480896
1 0.418657 0.233705 0.595522 0.467410
1 0.754478 0.203363 0.100000 0.406725
7 0.764925 0.206734 0.022388 0.413468
7 0.783582 0.270746 0.011940 0.271958