0 0.112687 0.781592 0.225373 0.278607
0 0.244030 0.650249 0.085075 0.123383
0 0.339552 0.687065 0.132836 0.181095
0 0.434328 0.695025 0.071642 0.093532
0 0.480597 0.638308 0.089552 0.135323
0 0.600000 0.777612 0.128358 0.234826
0 0.652239 0.601493 0.113433 0.109453
0 0.724627 0.580597 0.061194 0.083582
0 0.873881 0.735821 0.079104 0.230846
0 0.801493 0.706965 0.059701 0.181095
0 0.779851 0.678109 0.100000 0.187065
0 0.966418 0.618408 0.025373 0.119403
0 0.987313 0.601493 0.025373 0.133333
7 0.347015 0.368657 0.085075 0.722388
5 0.588806 0.678109 0.156716 0.398010
5 0.936567 0.603483 0.085075 0.292537
5 0.983582 0.524876 0.032836 0.043781
5 0.880597 0.600498 0.038806 0.242786
5 0.832090 0.553731 0.031343 0.141294
5 0.798507 0.558706 0.029851 0.095522
5 0.782836 0.537811 0.034328 0.105473
5 0.706716 0.532836 0.043284 0.083582
5 0.658955 0.542786 0.034328 0.139303
5 0.586567 0.541791 0.026866 0.133333
5 0.498507 0.547761 0.017910 0.141294
5 0.517910 0.574627 0.035821 0.151244
5 0.625431 0.531812 0.020092 0.084194
5 0.802985 0.504353 0.022886 0.049088
1 0.337313 0.399502 0.674626 0.541294
1 0.108955 0.316915 0.217910 0.240796
10 0.828358 0.387811 0.343284 0.775622
10 0.102239 0.611443 0.204478 0.336318