0 0.177612 0.878162 0.170149 0.152611
0 0.200746 0.857963 0.159701 0.121191
5 0.567910 0.827666 0.097015 0.249116
5 0.700746 0.779414 0.043284 0.134657
5 0.670896 0.725551 0.040299 0.080794
5 0.554478 0.701986 0.046269 0.177299
5 0.516418 0.689642 0.041791 0.152611
5 0.370896 0.829910 0.085075 0.253604
5 0.255970 0.772681 0.055224 0.134657
5 0.197015 0.823177 0.059701 0.244627
5 0.152239 0.818688 0.053731 0.267070
5 0.041791 0.811956 0.044776 0.231161
5 0.017164 0.824299 0.034328 0.237894
5 0.983582 0.772681 0.032836 0.134657
2 0.986567 0.922249 0.026866 0.155502
1 0.531343 0.361976 0.519403 0.691240