2 0.144776 0.638308 0.191045 0.115423
2 0.273881 0.625373 0.079104 0.073632
2 0.530896 0.627282 0.048657 0.049913
2 0.739552 0.652239 0.052239 0.055721
2 0.507761 0.621032 0.016716 0.027861
2 0.500597 0.621430 0.014328 0.023881
0 0.636119 0.696381 0.021493 0.095522
0 0.616716 0.664938 0.030448 0.064478
0 0.572836 0.671306 0.028657 0.070846
0 0.487761 0.629515 0.007761 0.017512
0 0.479403 0.621555 0.008955 0.014328
5 0.635224 0.656182 0.035224 0.142488
5 0.617015 0.636281 0.023881 0.075622
5 0.573731 0.643843 0.031642 0.098706
5 0.488955 0.612002 0.006567 0.015920
5 0.479104 0.613197 0.008358 0.011940
7 0.451567 0.598582 0.014925 0.050149
7 0.385896 0.532114 0.038806 0.062090
10 0.251567 0.544453 0.059104 0.102687
10 0.287388 0.533308 0.056716 0.152040
10 0.398731 0.561567 0.056119 0.119403
10 0.361716 0.590622 0.057313 0.059701
10 0.465000 0.598980 0.046567 0.047761
10 0.419925 0.598980 0.037612 0.038209
10 0.875373 0.492040 0.049254 0.093532
10 0.955970 0.455224 0.052239 0.043781
10 0.985821 0.432338 0.028358 0.049751
10 0.848507 0.523881 0.067164 0.045771
10 0.747761 0.549751 0.053731 0.049751
10 0.696269 0.551741 0.052239 0.041791
10 0.679104 0.597512 0.068657 0.097512