0 0.129851 0.800947 0.259701 0.341005
5 0.092537 0.696180 0.122388 0.456042
5 0.211940 0.654068 0.119403 0.511507
5 0.319403 0.647906 0.095522 0.523832
5 0.396269 0.672557 0.117910 0.511507
5 0.496269 0.647906 0.114925 0.503290
5 0.486567 0.406532 0.098507 0.180774
5 0.606716 0.627363 0.120896 0.482748
5 0.714179 0.605794 0.126866 0.505344
5 0.803731 0.546221 0.100000 0.497127
5 0.900000 0.508217 0.119403 0.499182
5 0.779851 0.286359 0.105970 0.281432
5 0.625373 0.376745 0.086567 0.232130
1 0.584328 0.336792 0.831343 0.673584
1 0.125373 0.406532 0.140299 0.291703
1 0.050000 0.481512 0.100000 0.458097