0 0.511194 0.473134 0.917910 0.652736
6 0.329851 0.079353 0.101493 0.158706
6 0.408209 0.040547 0.046269 0.081094
6 0.491045 0.038557 0.086567 0.077114
6 0.589552 0.039552 0.047761 0.079104
6 0.653731 0.023632 0.026866 0.047264
6 0.876119 0.047512 0.065672 0.095024
6 0.953731 0.100995 0.092537 0.151244
5 0.114179 0.161940 0.153731 0.323880
5 0.711940 0.129104 0.089552 0.258208
5 0.802239 0.124129 0.094030 0.248258
5 0.259701 0.149005 0.167164 0.298010
5 0.046269 0.103234 0.092537 0.206468
5 0.029104 0.278109 0.058208 0.218905