2 0.104478 0.583914 0.208955 0.281952
5 0.010448 0.615242 0.020896 0.201394
5 0.170149 0.534685 0.035821 0.076082
5 0.725373 0.572726 0.050746 0.134263
5 0.656716 0.599578 0.080597 0.219296
5 0.588060 0.595103 0.050746 0.201394
5 0.529851 0.588390 0.056716 0.183492
5 0.479104 0.617480 0.071642 0.232722
5 0.392537 0.578116 0.056716 0.177187
5 0.332836 0.588542 0.052239 0.175660
5 0.351866 0.543787 0.030597 0.095103
5 0.475373 0.560570 0.032836 0.151046
5 0.552239 0.542109 0.035821 0.085033
5 0.630970 0.529802 0.032090 0.071607
5 0.241115 0.570640 0.047015 0.162234
5 0.207160 0.534277 0.022388 0.073845
5 0.197444 0.545508 0.028703 0.068853
0 0.245091 0.610631 0.046690 0.102705
0 0.230548 0.614361 0.036739 0.070000
0 0.332616 0.631718 0.049467 0.111886
0 0.347115 0.610299 0.042644 0.090787
0 0.393375 0.628372 0.053011 0.106484
0 0.476493 0.689239 0.076866 0.157759
0 0.526493 0.640568 0.067910 0.120837
0 0.595149 0.666302 0.076866 0.145451
0 0.654478 0.679728 0.092537 0.161115
0 0.727239 0.624904 0.058955 0.096222
7 0.546269 0.277348 0.137313 0.532576
7 0.045522 0.318745 0.067164 0.261812
7 0.023134 0.366856 0.046268 0.161115