0 0.173134 0.428393 0.131343 0.230484
0 0.471642 0.433987 0.143284 0.237198
0 0.357463 0.190077 0.061194 0.076082
0 0.913433 0.310913 0.068657 0.237198
0 0.573134 0.344479 0.038806 0.241673
6 0.621642 0.361262 0.114925 0.297616
6 0.762687 0.359024 0.125373 0.288665
6 0.807463 0.231474 0.062687 0.154402
6 0.860448 0.278466 0.079104 0.221534
6 0.290299 0.468672 0.126866 0.275239
5 0.367910 0.130777 0.067164 0.167829
5 0.170896 0.337766 0.117910 0.308804
5 0.180597 0.215810 0.059701 0.123074
5 0.307463 0.403778 0.140299 0.337895
5 0.470149 0.338885 0.080597 0.324468
5 0.466418 0.205741 0.058209 0.143214
5 0.513433 0.289655 0.053731 0.297616
5 0.635821 0.315389 0.134328 0.371460
5 0.756716 0.320983 0.113433 0.360272
5 0.602895 0.626563 0.000452 0.000678
5 0.412879 0.138970 0.042515 0.230552
5 0.435493 0.100997 0.043419 0.164099
5 0.514869 0.103370 0.033017 0.183764
5 0.504530 0.054567 0.040253 0.109134
5 0.563101 0.061348 0.031660 0.122696
5 0.619014 0.076039 0.036816 0.152078
5 0.648865 0.074547 0.042786 0.149094
5 0.710557 0.086482 0.046766 0.172964
5 0.818961 0.121783 0.046987 0.087851
5 0.788834 0.062549 0.030956 0.125098
5 0.866224 0.140017 0.051962 0.087851
5 0.936429 0.244858 0.108347 0.325712
5 0.943062 0.102307 0.038695 0.100283
5 0.958372 0.107888 0.033937 0.132217
5 0.933665 0.053823 0.028745 0.061330
5 0.988968 0.142963 0.022064 0.151775
4 0.076119 0.316508 0.044776 0.078320