5 0.011194 0.322102 0.019403 0.040279
5 0.115672 0.380282 0.043284 0.165591
5 0.167164 0.342241 0.032836 0.076082
5 0.171642 0.400422 0.062687 0.134263
5 0.054478 0.672304 0.108955 0.507961
5 0.078358 0.638738 0.153731 0.476633
5 0.088060 0.948597 0.176119 0.102806
5 0.272388 0.344479 0.028358 0.040279
5 0.286567 0.386995 0.047761 0.067131
5 0.341045 0.347835 0.031343 0.046992
5 0.385075 0.348954 0.038806 0.040279
5 0.495522 0.438463 0.062687 0.268526
5 0.258955 0.725945 0.189552 0.548110
5 0.446269 0.777412 0.214925 0.445176
5 0.708955 0.774055 0.241791 0.451889
5 0.591791 0.917269 0.162687 0.165462