5 0.022388 0.657214 0.044776 0.153234
5 0.132836 0.766418 0.265672 0.467164
5 0.235821 0.572637 0.062687 0.143284
5 0.269403 0.744527 0.225373 0.510945
5 0.438060 0.765423 0.243284 0.469154
5 0.494030 0.647264 0.110448 0.296517
5 0.608955 0.679104 0.104478 0.348259
5 0.709701 0.739552 0.207463 0.520896
5 0.799254 0.650249 0.147761 0.342289
5 0.846269 0.749751 0.307462 0.497512
5 0.838806 0.512935 0.068657 0.135323
5 0.529172 0.508509 0.028494 0.045228
5 0.522727 0.571376 0.041384 0.091361
5 0.575305 0.559617 0.075984 0.127544
5 0.750982 0.491850 0.032207 0.046085