5 0.084328 0.807621 0.168656 0.384758
5 0.052239 0.503357 0.104478 0.241673
5 0.151493 0.457483 0.138806 0.293140
5 0.258209 0.467553 0.107463 0.201394
5 0.448507 0.458602 0.097015 0.196919
5 0.395522 0.573845 0.080597 0.118599
5 0.530597 0.448533 0.070149 0.185730
5 0.587313 0.551467 0.085075 0.118599
5 0.653731 0.456365 0.083582 0.152165
5 0.691045 0.533566 0.110448 0.100697
5 0.715672 0.419442 0.070149 0.114123
5 0.779851 0.439582 0.076119 0.096222
5 0.772388 0.525734 0.064179 0.062656
5 0.735821 0.821047 0.286567 0.357905
5 0.876866 0.802027 0.240299 0.395946
5 0.861194 0.587271 0.059701 0.109648
5 0.952239 0.554824 0.059701 0.111886
5 0.887313 0.429512 0.070149 0.165591