5 0.024627 0.367975 0.049254 0.176779
5 0.057463 0.463078 0.114925 0.344608
5 0.051493 0.256089 0.052239 0.078320
5 0.132836 0.301962 0.077612 0.152165
5 0.175373 0.691260 0.270149 0.617480
5 0.231343 0.410491 0.113433 0.266288
5 0.261940 0.312032 0.058209 0.167829
5 0.313433 0.372450 0.077612 0.226009
5 0.347015 0.580558 0.147761 0.427403
5 0.423881 0.293012 0.101493 0.214820
5 0.468657 0.254970 0.077612 0.129787
5 0.526119 0.683428 0.282090 0.633144
5 0.789552 0.689022 0.420896 0.621955
5 0.870149 0.553705 0.259701 0.418452
5 0.943284 0.477623 0.113432 0.391600
5 0.735821 0.380282 0.083582 0.299854