5 0.178358 0.686785 0.282090 0.626430
5 0.058209 0.474266 0.116418 0.371460
5 0.024627 0.375807 0.049254 0.187968
5 0.054478 0.253852 0.046269 0.073845
5 0.037313 0.228118 0.047761 0.107410
5 0.132090 0.305319 0.079104 0.149927
5 0.227612 0.420561 0.126866 0.290903
5 0.197761 0.282942 0.076119 0.114123
5 0.260448 0.323221 0.067164 0.199156
5 0.308955 0.386995 0.089552 0.264050
5 0.343284 0.621955 0.170149 0.528100
5 0.335821 0.251614 0.062687 0.149927
5 0.415672 0.289655 0.114925 0.217058
5 0.432090 0.224761 0.034328 0.082795
5 0.471642 0.270634 0.074627 0.134263
5 0.520149 0.218048 0.049254 0.109648
5 0.594030 0.260565 0.065672 0.167829
5 0.573134 0.420561 0.113433 0.281952
5 0.582836 0.684547 0.383582 0.630906
5 0.789552 0.686785 0.420896 0.626430
5 0.870896 0.558181 0.258208 0.431879
5 0.735075 0.373569 0.097015 0.286427