5 0.039784 0.093320 0.079568 0.159136
5 0.070236 0.215128 0.140472 0.194499
5 0.034872 0.329077 0.069744 0.178782
5 0.073183 0.473477 0.146365 0.231827
5 0.175835 0.508841 0.133595 0.220039
5 0.218075 0.572692 0.088409 0.108055
5 0.280943 0.612967 0.111984 0.322200
5 0.376228 0.527505 0.094303 0.159136
5 0.146365 0.305501 0.113949 0.174853
5 0.141454 0.083497 0.139489 0.166994
5 0.192534 0.161100 0.115914 0.149312
5 0.269155 0.067780 0.135560 0.135560
5 0.293713 0.188605 0.157171 0.184676
5 0.243615 0.358546 0.151277 0.222004
5 0.346758 0.331041 0.051081 0.096267
5 0.413556 0.069745 0.121807 0.139489
5 0.565815 0.069745 0.155206 0.139489
5 0.651277 0.175835 0.125737 0.186640
5 0.680747 0.384086 0.141454 0.218075
5 0.703340 0.074656 0.111984 0.149312
5 0.800589 0.133595 0.137525 0.176817
5 0.746562 0.237721 0.084479 0.176817
5 0.864440 0.040275 0.108055 0.080550
5 0.946464 0.105108 0.107072 0.151277
5 0.894892 0.157171 0.117878 0.168959
5 0.957269 0.254420 0.085462 0.151277
5 0.838900 0.362475 0.155206 0.284872
5 0.950393 0.438114 0.099214 0.220039