5 0.046269 0.666710 0.092537 0.411739
5 0.127612 0.617480 0.153731 0.219296
5 0.138806 0.815453 0.197015 0.369094
5 0.235821 0.896011 0.232836 0.207978
5 0.153731 0.501119 0.089552 0.214820
5 0.214179 0.568250 0.073134 0.219296
5 0.337313 0.562656 0.146269 0.226009
5 0.381343 0.520139 0.031343 0.123074
5 0.445522 0.586152 0.076119 0.281952
5 0.329104 0.736079 0.174627 0.438592
5 0.512687 0.765105 0.153731 0.469790
5 0.461194 0.857970 0.232836 0.284060
5 0.642537 0.769580 0.123881 0.460840
5 0.720149 0.874753 0.159701 0.250494
5 0.647761 0.487693 0.038806 0.111886
5 0.673881 0.539160 0.061194 0.170066
5 0.823134 0.732658 0.249254 0.534684