5 0.287313 0.586567 0.091045 0.318408
5 0.294030 0.403483 0.089552 0.175124
5 0.372388 0.385572 0.079104 0.103483
5 0.373881 0.471144 0.064179 0.155224
5 0.376119 0.566667 0.179104 0.302488
5 0.502985 0.653234 0.131343 0.292537
5 0.430597 0.328856 0.043284 0.177114
5 0.480597 0.228358 0.071642 0.119403
5 0.483582 0.370647 0.101493 0.276617
5 0.523881 0.386567 0.095522 0.276617
5 0.561194 0.215423 0.068657 0.101493
5 0.570149 0.263184 0.038806 0.073632
5 0.572388 0.475124 0.102985 0.401990
5 0.650746 0.521891 0.107463 0.459701
5 0.658955 0.267164 0.076119 0.169154
5 0.803731 0.413433 0.102985 0.362189