7 0.602239 0.318509 0.025373 0.637018
7 0.870149 0.464353 0.011940 0.349785
7 0.961194 0.378578 0.020896 0.450041
7 0.544030 0.521165 0.010448 0.213881
7 0.103731 0.306170 0.034328 0.608224
8 0.078358 0.395287 0.028358 0.082433
8 0.112687 0.411997 0.025373 0.057926
8 0.541045 0.370780 0.034328 0.086889
8 0.574627 0.331791 0.029851 0.115852
8 0.628358 0.355185 0.029851 0.077977
8 0.851493 0.355185 0.028358 0.100257
8 0.576866 0.419795 0.022388 0.060154
8 0.942537 0.438732 0.016418 0.071294
8 0.973134 0.455441 0.017910 0.037875