5 0.463433 0.679104 0.082090 0.366169
5 0.790299 0.656551 0.043284 0.289221
5 0.876866 0.706965 0.055224 0.331675
5 0.818563 0.697476 0.083022 0.358209
5 0.912780 0.631970 0.027052 0.140962
5 0.966884 0.690013 0.051306 0.097844
5 0.673974 0.525834 0.021455 0.104478
5 0.650187 0.522518 0.022388 0.121061
5 0.623601 0.519201 0.021455 0.134328
5 0.601399 0.521292 0.026679 0.130146
5 0.519590 0.518372 0.033582 0.169154
5 0.565765 0.588023 0.049440 0.202322
5 0.543843 0.510909 0.027985 0.131012
0 0.562500 0.646067 0.026119 0.126036
0 0.519590 0.589682 0.018657 0.102819
0 0.541511 0.560282 0.017910 0.087562
4 0.681836 0.571448 0.029140 0.075811
7 0.820896 0.310282 0.032836 0.429851
7 0.794030 0.331509 0.023881 0.382090
7 0.773881 0.356716 0.031343 0.310448
7 0.748815 0.411111 0.021773 0.339635
7 0.738367 0.434836 0.018437 0.298117
10 0.148507 0.420398 0.285075 0.618242
10 0.447761 0.224046 0.301493 0.405970
10 0.429851 0.411111 0.110448 0.159204
10 0.538806 0.233333 0.298507 0.435158
1 0.763433 0.298342 0.413433 0.453731