1 0.498527 0.588409 0.586158 0.497053
1 0.959132 0.608055 0.081736 0.434185
1 0.232327 0.615914 0.464654 0.768172
5 0.539764 0.965619 0.055965 0.068762
5 0.572165 0.983301 0.061856 0.033398
5 0.477909 0.976424 0.044183 0.047151
2 0.932622 0.917485 0.134756 0.074656
2 0.935568 0.878193 0.128864 0.043222
2 0.934095 0.857564 0.131810 0.049116
2 0.931149 0.824165 0.137701 0.037328
5 0.536819 0.956778 0.044183 0.086444
5 0.732696 0.913556 0.041237 0.082515
5 0.759205 0.986248 0.076583 0.027504
7 0.790133 0.872299 0.132548 0.255402