0 0.759701 0.288060 0.447761 0.390050
0 0.389552 0.354726 0.101493 0.161194
0 0.226119 0.273134 0.097015 0.200995
0 0.097015 0.260199 0.110448 0.195025
0 0.061194 0.875124 0.104478 0.115423
0 0.150746 0.877114 0.101493 0.119403
0 0.239552 0.875124 0.100000 0.119403
0 0.329104 0.878109 0.100000 0.113433
0 0.415672 0.878109 0.105970 0.117413
0 0.504478 0.882090 0.101493 0.113433
0 0.593284 0.883085 0.097015 0.111443
0 0.676866 0.883085 0.097015 0.107463
0 0.760448 0.884080 0.097015 0.109453
0 0.844776 0.885075 0.095522 0.111443
0 0.933582 0.884080 0.100000 0.113433
5 0.393284 0.320896 0.180597 0.244776
5 0.394776 0.186567 0.117910 0.111443
5 0.217164 0.190547 0.117910 0.183085
5 0.107463 0.211443 0.128358 0.280597