1 0.570149 0.492040 0.582090 0.738308
5 0.512687 0.883085 0.049254 0.139303
2 0.190299 0.866169 0.138806 0.101493
2 0.023881 0.823383 0.047761 0.051741
2 0.035075 0.793532 0.043284 0.027861
7 0.390299 0.806468 0.034328 0.224876
7 0.861194 0.801493 0.077612 0.394030
7 0.983582 0.617413 0.032836 0.471642
9 0.938806 0.688060 0.050746 0.071642
9 0.873134 0.659204 0.017910 0.053731
9 0.817164 0.745771 0.058209 0.039801
9 0.218657 0.741791 0.031343 0.059701
10 0.167910 0.486070 0.335820 0.718408
10 0.164179 0.181841 0.328358 0.363682