0 0.317164 0.681668 0.338806 0.426628
0 0.624627 0.685185 0.341791 0.410219
0 0.778358 0.509376 0.219403 0.250820
5 0.320896 0.566807 0.179104 0.496951
5 0.490299 0.489452 0.153731 0.454757
5 0.624627 0.555087 0.183582 0.506327
5 0.673881 0.325364 0.132836 0.187529
5 0.786567 0.442569 0.134328 0.360993
5 0.367910 0.339429 0.153731 0.145335
5 0.025373 0.291374 0.050746 0.161743
5 0.065672 0.252697 0.089552 0.220346
5 0.239552 0.283170 0.049254 0.150023
5 0.229851 0.300751 0.101493 0.124238
5 0.147761 0.294891 0.080597 0.140646
5 0.921642 0.646507 0.147761 0.529768