2 0.438806 0.856219 0.205970 0.113433
7 0.388806 0.606468 0.085075 0.394030
7 0.029851 0.779602 0.011940 0.195025
7 0.170896 0.815423 0.022388 0.286567
7 0.732836 0.707960 0.038806 0.493532
8 0.288806 0.133831 0.049254 0.145274
8 0.055224 0.089303 0.047761 0.178606
8 0.537313 0.542786 0.020896 0.067662
8 0.616418 0.525871 0.020896 0.073632
8 0.250000 0.648259 0.010448 0.043781
8 0.329104 0.649254 0.007463 0.041791
8 0.614179 0.740796 0.019403 0.021891
8 0.654478 0.715920 0.022388 0.035821
7 0.673881 0.806468 0.025373 0.193035
9 0.705970 0.691045 0.035821 0.065672
9 0.759701 0.692040 0.032836 0.063682
9 0.092537 0.794527 0.017910 0.033831
9 0.641045 0.807463 0.040299 0.059701
8 0.067910 0.742786 0.019403 0.045771
5 0.611940 0.851244 0.029851 0.119403
5 0.200746 0.848259 0.022388 0.069652
9 0.683582 0.529851 0.062687 0.037811
9 0.643413 0.537624 0.019468 0.047588