1 0.918841 0.373281 0.162317 0.746562
1 0.111207 0.413556 0.222413 0.371316
2 0.352622 0.659136 0.357715 0.182711
2 0.455643 0.605108 0.186012 0.113949
2 0.038233 0.643418 0.076466 0.139489
2 0.176626 0.598232 0.120192 0.072692
2 0.328297 0.546169 0.045787 0.031434
2 0.356581 0.541279 0.028617 0.018135
2 0.374192 0.535989 0.033020 0.019646
2 0.405010 0.529944 0.033020 0.018135
2 0.563506 0.574149 0.105663 0.067251
8 0.492513 0.514076 0.012107 0.021158
8 0.310354 0.508031 0.017611 0.027203
9 0.546445 0.509164 0.014309 0.012846
9 0.669719 0.505764 0.080348 0.025691
9 0.231656 0.491029 0.031919 0.029470
7 0.619639 0.525410 0.024215 0.256914
7 0.778134 0.497074 0.030819 0.135258
7 0.113668 0.500000 0.148809 1.000000