5 0.670149 0.282090 0.074627 0.330348
5 0.784328 0.222388 0.061194 0.167164
5 0.311940 0.202488 0.050746 0.111443
5 0.341045 0.634328 0.189552 0.437811
5 0.274627 0.531841 0.131343 0.268657
5 0.586567 0.284080 0.062687 0.282587
5 0.486567 0.257214 0.056716 0.153234
5 0.824360 0.214252 0.033582 0.142146
5 0.849947 0.207856 0.033582 0.113717
5 0.883262 0.192575 0.041578 0.088842
5 0.898454 0.173030 0.030384 0.059701
5 0.749200 0.192930 0.016525 0.081023
5 0.765991 0.195418 0.021322 0.084577
0 0.846482 0.321573 0.059701 0.189055
0 0.483475 0.456257 0.150320 0.323383
0 0.149787 0.562611 0.297441 0.436389
6 0.315032 0.239228 0.069296 0.096660
6 0.126333 0.785215 0.252665 0.429570
6 0.394989 0.211509 0.056503 0.078181
2 0.224947 0.170680 0.245203 0.230912
6 0.484660 0.327391 0.061360 0.101714
5 0.598259 0.169897 0.022388 0.052515
2 0.643242 0.175425 0.048507 0.064677
2 0.740672 0.177913 0.021973 0.053068
2 0.771352 0.153037 0.019486 0.025428
2 0.618988 0.173767 0.034826 0.049198
2 0.696932 0.170450 0.019071 0.043671
10 0.537313 0.236318 0.125373 0.469652
10 0.701493 0.158706 0.092537 0.314428
10 0.797761 0.080348 0.061194 0.160696
10 0.863433 0.077363 0.067164 0.154726
1 0.222388 0.125871 0.438806 0.244776
1 0.577612 0.124129 0.355224 0.248258
1 0.951493 0.195771 0.097014 0.391542
1 0.976119 0.499005 0.044776 0.991045