0 0.359701 0.831117 0.367164 0.337766
0 0.591045 0.609648 0.125373 0.378174
5 0.642537 0.488811 0.102985 0.436354
5 0.370149 0.563775 0.480597 0.868233
1 0.633582 0.242663 0.353731 0.458731
1 0.778358 0.126366 0.117910 0.252732
1 0.973881 0.134134 0.052238 0.241673
1 0.937313 0.130777 0.029851 0.158878
1 0.920896 0.133015 0.032836 0.132025
1 0.896269 0.126302 0.034328 0.096222
1 0.847015 0.139728 0.028358 0.118599
1 0.126119 0.466434 0.252238 0.418452
7 0.719288 0.186162 0.032147 0.372324
7 0.826062 0.162323 0.016073 0.268526
7 0.424225 0.226012 0.050517 0.254755
7 0.982863 0.168195 0.025428 0.167414
7 0.946103 0.112276 0.024876 0.224552
7 0.915699 0.102307 0.019348 0.203052
7 0.893311 0.099406 0.012161 0.157469
2 0.853787 0.188086 0.035931 0.026521
2 0.878662 0.177726 0.017137 0.022377
2 0.856274 0.164880 0.015478 0.018233
2 0.856827 0.150791 0.014373 0.013261
2 0.855445 0.138773 0.010503 0.014089
10 0.028358 0.552586 0.056716 0.210345
10 0.497761 0.067002 0.025373 0.076082
1 0.055224 0.192314 0.107463 0.085033
1 0.156716 0.181126 0.089552 0.058181
10 0.358209 0.093855 0.176119 0.089509
10 0.214179 0.260565 0.177612 0.212583