2 0.692534 0.780943 0.282908 0.139489
2 0.496071 0.742633 0.200393 0.113949
2 0.664047 0.692534 0.186640 0.111984
2 0.350688 0.722004 0.121807 0.064833
2 0.312377 0.681729 0.084479 0.019646
2 0.440079 0.682711 0.108055 0.045187
2 0.835953 0.721022 0.149312 0.106090
2 0.942534 0.720039 0.114931 0.064833
2 0.962181 0.745580 0.075638 0.100196
7 0.477407 0.507859 0.115914 0.355599
7 0.786837 0.433202 0.129666 0.457760
5 0.022102 0.736739 0.044204 0.106090
5 0.076621 0.728880 0.037328 0.110020
5 0.170923 0.729862 0.049116 0.139489
5 0.234774 0.735756 0.062868 0.131631
5 0.240668 0.618861 0.023576 0.039293
9 0.730845 0.775049 0.064833 0.225933
5 0.843811 0.753438 0.086444 0.237721