5 0.486567 0.472630 0.110448 0.363478
5 0.508209 0.632472 0.097015 0.175170
5 0.573134 0.479199 0.077612 0.271513
5 0.710448 0.487957 0.077612 0.354719
5 0.973881 0.509853 0.052238 0.324064
5 0.173134 0.500000 0.065672 0.321875
5 0.248507 0.477009 0.070149 0.275893
5 0.328358 0.489052 0.056716 0.317496
5 0.407463 0.451828 0.041791 0.234290
5 0.071642 0.426648 0.047761 0.210204
5 0.782836 0.383950 0.034328 0.102912
5 0.293284 0.449639 0.040299 0.286841
5 0.027612 0.409131 0.040299 0.162032
5 0.129104 0.290891 0.040299 0.070068
5 0.103460 0.418554 0.041384 0.223939
5 0.138060 0.472299 0.041384 0.206024
5 0.223881 0.439455 0.043419 0.223939
5 0.044098 0.401634 0.027137 0.168203
5 0.352103 0.334950 0.036635 0.058722
5 0.256445 0.328481 0.017639 0.033840
10 0.891045 0.178290 0.217910 0.356580
10 0.569403 0.081946 0.207463 0.163892
10 0.505224 0.252572 0.183582 0.194877
10 0.173134 0.226297 0.116418 0.137946
10 0.271642 0.235055 0.071642 0.159843
10 0.352239 0.240529 0.089552 0.131377
1 0.176866 0.159678 0.255224 0.319356
1 0.053731 0.185789 0.107462 0.271513
1 0.779104 0.193617 0.441791 0.387234
2 0.595522 0.473725 0.155224 0.203635
2 0.951493 0.489052 0.097014 0.199256
2 0.495522 0.617145 0.119403 0.275893
2 0.882090 0.740859 0.182090 0.444494
7 0.352239 0.155299 0.095522 0.310597