2 0.888060 0.943035 0.149254 0.113930
2 0.962687 0.943118 0.056716 0.103483
5 0.232836 0.907214 0.053731 0.185572
5 0.208955 0.915174 0.032836 0.169652
5 0.314179 0.925788 0.055224 0.148424
5 0.588806 0.931095 0.031343 0.137810
5 0.614925 0.929768 0.029851 0.140464
5 0.790299 0.905970 0.022388 0.098176
10 0.173881 0.500000 0.183582 1.000000
10 0.404478 0.472222 0.394030 0.944444
1 0.378358 0.598176 0.756716 0.745605
1 0.579104 0.270564 0.214925 0.541128
1 0.887313 0.677778 0.225373 0.474959
1 0.933582 0.444279 0.088060 0.124710