5 0.089552 0.611974 0.179104 0.776052
5 0.152985 0.585304 0.088060 0.315150
5 0.213433 0.543837 0.056716 0.104260
5 0.278358 0.500000 0.025373 0.035543
5 0.245522 0.757701 0.138806 0.484598
5 0.361940 0.561608 0.055224 0.135064
5 0.405970 0.567532 0.065672 0.142173
5 0.403731 0.471565 0.043284 0.116108
5 0.494030 0.548576 0.062687 0.251172
5 0.521642 0.494076 0.049254 0.137434
5 0.541045 0.774288 0.159701 0.451424
5 0.607463 0.656390 0.092537 0.281976
5 0.910448 0.639803 0.074627 0.191933
5 0.970896 0.593597 0.058208 0.156390