5 0.022388 0.558351 0.044776 0.109970
5 0.038806 0.548252 0.053731 0.121191
5 0.086567 0.609970 0.077612 0.177299
5 0.147015 0.496634 0.028358 0.049374
5 0.167164 0.449504 0.017910 0.053863
5 0.187313 0.448381 0.046269 0.078550
5 0.190299 0.451748 0.028358 0.071817
5 0.225373 0.489901 0.026866 0.040397
5 0.198507 0.579672 0.137313 0.184031
5 0.195522 0.728917 0.238806 0.352353
5 0.274627 0.566206 0.041791 0.143634
5 0.245025 0.494453 0.024046 0.047379
5 0.256633 0.475127 0.019071 0.028677
5 0.278607 0.488842 0.029851 0.033664
5 0.297678 0.473257 0.024876 0.037405
5 0.324212 0.477620 0.029851 0.036158
5 0.346186 0.470763 0.015755 0.032417
5 0.335406 0.494453 0.032338 0.039898
5 0.385572 0.594199 0.094527 0.144632
5 0.363599 0.474503 0.017413 0.027430
5 0.364013 0.458918 0.013267 0.013715
5 0.381426 0.514402 0.043118 0.044886
5 0.376036 0.488842 0.035655 0.043639
5 0.389303 0.468893 0.029022 0.028677
5 0.417496 0.490712 0.042289 0.057354
5 0.366086 0.649682 0.163350 0.317940
5 0.412521 0.459060 0.013267 0.017456
5 0.439469 0.492101 0.033997 0.048626
5 0.447761 0.475269 0.020730 0.036158
5 0.461443 0.477139 0.018242 0.029924
5 0.472015 0.472775 0.015340 0.029924
5 0.475124 0.453449 0.013267 0.014962
5 0.486940 0.473710 0.022803 0.039275
5 0.479063 0.511115 0.038557 0.046756
5 0.502488 0.495218 0.034826 0.042392
5 0.519486 0.481191 0.045605 0.060471
5 0.539179 0.470593 0.020315 0.038028
5 0.501244 0.432565 0.018242 0.056731
5 0.520315 0.424772 0.023217 0.052367
5 0.541252 0.424772 0.019486 0.057354
5 0.562604 0.453761 0.024046 0.107850
5 0.566750 0.384562 0.017413 0.029300
5 0.586650 0.385809 0.023217 0.029300
5 0.614013 0.382068 0.021559 0.031794
5 0.636816 0.384874 0.020730 0.028677
5 0.638993 0.480248 0.023010 0.043951
5 0.652363 0.482586 0.021144 0.033664
5 0.660448 0.498951 0.027363 0.058912
5 0.679726 0.475573 0.018657 0.032729
5 0.697139 0.467624 0.027363 0.024313
5 0.670087 0.518106 0.034204 0.052367
5 0.718905 0.477428 0.028607 0.034599
5 0.692786 0.534938 0.053483 0.074810
5 0.726057 0.510625 0.027985 0.059848
5 0.744403 0.484909 0.023632 0.040210
5 0.763371 0.483507 0.032960 0.048626
5 0.738495 0.548497 0.042910 0.094447
5 0.753420 0.642477 0.101368 0.239390
5 0.802861 0.470415 0.018657 0.033664
5 0.856343 0.467610 0.019900 0.037405
5 0.807525 0.507352 0.056592 0.068264
5 0.848570 0.490988 0.064055 0.039275
5 0.884950 0.475091 0.027363 0.031794
5 0.900498 0.479299 0.027363 0.034599
5 0.925373 0.479299 0.027363 0.030859
5 0.831779 0.535873 0.086443 0.057977
5 0.929104 0.517638 0.041045 0.055172
5 0.968905 0.525119 0.036070 0.066393
5 0.863806 0.647152 0.155473 0.216948
5 0.924016 0.805948 0.151967 0.259113
1 0.500000 0.500000 1.000000 1.000000