5 0.188806 0.702985 0.114925 0.392040
5 0.802985 0.767662 0.137313 0.429851
5 0.723881 0.647264 0.065672 0.240796
5 0.926866 0.651244 0.080597 0.204975
5 0.967910 0.763682 0.058209 0.386070
5 0.345522 0.669154 0.135821 0.324378
5 0.399254 0.635323 0.073134 0.181095
5 0.048507 0.680100 0.073134 0.370149
5 0.498507 0.620398 0.053731 0.171144
5 0.564925 0.605473 0.061194 0.185075
5 0.606716 0.587562 0.034328 0.149254
5 0.646269 0.577612 0.038806 0.137313
5 0.147303 0.620760 0.085482 0.265943
5 0.093029 0.624830 0.033921 0.230665
5 0.115756 0.541610 0.038670 0.113071
5 0.013653 0.581863 0.027137 0.233379
5 0.440044 0.612619 0.044098 0.180914
5 0.262296 0.606739 0.041384 0.158299
5 0.287059 0.551560 0.032564 0.069652
5 0.258904 0.518091 0.031886 0.058797
5 0.324478 0.530699 0.039349 0.070556
5 0.505618 0.518939 0.021710 0.056083
5 0.491371 0.527081 0.016282 0.061511
5 0.539879 0.555574 0.029172 0.087743
5 0.446595 0.515321 0.018996 0.047038
0 0.408209 0.765042 0.204478 0.231343
0 0.462220 0.700152 0.000933 0.000000
0 0.326959 0.775614 0.187500 0.212687
0 0.523321 0.713425 0.117537 0.195274
0 0.631996 0.648127 0.066231 0.156716
0 0.567164 0.644395 0.098881 0.106965
0 0.716884 0.759445 0.097948 0.185323
0 0.688899 0.692903 0.025187 0.104478
0 0.144505 0.801673 0.054274 0.263229
0 0.098372 0.678200 0.032564 0.124830
0 0.033582 0.766395 0.067164 0.203528
0 0.082800 0.732291 0.000711 0.000000
0 0.146055 0.771144 0.131485 0.096660
0 0.832252 0.865455 0.209604 0.263898
0 0.960740 0.589011 0.056457 0.060567
0 0.933485 0.687216 0.077223 0.073545
0 0.938352 0.834307 0.123296 0.218905
0 0.648605 0.605018 0.065542 0.080467
2 0.601368 0.536899 0.143035 0.092869
2 0.919154 0.536070 0.059701 0.038143
2 0.983831 0.541874 0.032338 0.039801
1 0.241424 0.275268 0.462425 0.427075
10 0.593905 0.439055 0.093284 0.119403
10 0.666045 0.440713 0.075871 0.102819
10 0.741294 0.445688 0.109453 0.122720
10 0.842040 0.437396 0.101990 0.152570
10 0.927861 0.381841 0.139303 0.310116
9 0.944030 0.442371 0.037313 0.066335
7 0.505710 0.465164 0.016851 0.060343
7 0.536283 0.460349 0.007703 0.044295
7 0.491747 0.469016 0.006259 0.056492
7 0.483803 0.469016 0.006740 0.042369
7 0.114179 0.341791 0.094030 0.290547
7 0.121642 0.396517 0.052239 0.165174
9 0.080126 0.437222 0.032993 0.042943
10 0.281225 0.456599 0.059701 0.067033
10 0.363708 0.439317 0.083268 0.101597
10 0.111155 0.337719 0.222310 0.294318