2 0.817910 0.453234 0.295522 0.183085
2 0.879851 0.394527 0.049254 0.077612
5 0.222388 0.412438 0.050746 0.121393
5 0.116418 0.418408 0.050746 0.137313
2 0.594030 0.420398 0.164179 0.125373
2 0.066418 0.389552 0.132836 0.063682
2 0.259701 0.404478 0.038806 0.045771
0 0.305970 0.344776 0.050746 0.133333
0 0.756716 0.682090 0.355224 0.445771
0 0.388060 0.519900 0.116418 0.165174
0 0.495522 0.368657 0.125373 0.232836
0 0.383582 0.328856 0.077612 0.169154
8 0.155224 0.317910 0.014925 0.031841
8 0.171642 0.134826 0.020896 0.067662