2 0.520149 0.837313 0.291045 0.218905
2 0.776119 0.817413 0.346269 0.202985
2 0.782090 0.731841 0.256716 0.131343
2 0.981343 0.730846 0.037313 0.121393
2 0.967164 0.865174 0.065672 0.155224
2 0.570149 0.747761 0.095522 0.075622
2 0.634328 0.726866 0.056716 0.069652
2 0.427363 0.737998 0.071642 0.084909
2 0.370149 0.767848 0.054726 0.070315
2 0.340299 0.764532 0.026866 0.055721
2 0.314925 0.756571 0.021891 0.037148
2 0.300995 0.739324 0.037811 0.047761
5 0.052985 0.760697 0.105970 0.232836
5 0.122388 0.730846 0.035821 0.093532
5 0.218657 0.761692 0.019403 0.075622
7 0.291045 0.488060 0.191045 0.602985
7 0.692537 0.575622 0.080597 0.181095