5 0.024627 0.487693 0.049254 0.228247
5 0.050000 0.380282 0.043284 0.076082
5 0.085821 0.429512 0.076119 0.147689
5 0.121642 0.379163 0.043284 0.073845
5 0.065807 0.363797 0.024423 0.052891
5 0.155360 0.379054 0.046133 0.083406
5 0.147897 0.506197 0.109905 0.199360
5 0.210312 0.466529 0.066486 0.201394
5 0.227273 0.363797 0.029851 0.065097
5 0.273406 0.377020 0.043419 0.063063
5 0.264586 0.469580 0.047490 0.154606
5 0.309362 0.402449 0.039349 0.089509
5 0.352103 0.709361 0.206242 0.581277
5 0.339213 0.402449 0.044776 0.105783
5 0.399593 0.396346 0.032564 0.093577
5 0.409769 0.470597 0.071913 0.168846
5 0.524423 0.452289 0.048847 0.152571
5 0.564450 0.511283 0.104478 0.213600
5 0.667571 0.415672 0.088195 0.233943
5 0.793080 0.580184 0.352782 0.839631