5 0.055224 0.755020 0.110448 0.489960
5 0.247761 0.833111 0.256716 0.333777
5 0.347015 0.676263 0.102985 0.479704
5 0.447015 0.446452 0.022388 0.127177
5 0.423881 0.696344 0.059701 0.131640
5 0.467164 0.421909 0.020896 0.113790
5 0.491045 0.456492 0.017910 0.111559
5 0.493284 0.394019 0.016418 0.053548
5 0.597761 0.458723 0.019403 0.049086
5 0.583582 0.588132 0.077612 0.325752
5 0.568657 0.884429 0.202985 0.231142
5 0.650000 0.768407 0.111940 0.463186
5 0.740299 0.617137 0.119403 0.263279
5 0.729851 0.791835 0.197015 0.416330