5 0.055970 0.751673 0.111940 0.496653
5 0.244030 0.833111 0.255224 0.333777
5 0.347761 0.678494 0.104478 0.475241
5 0.423134 0.695228 0.061194 0.129408
5 0.570896 0.879966 0.210448 0.240068
5 0.444776 0.449798 0.029851 0.138333
5 0.489552 0.458723 0.023881 0.111559
5 0.469403 0.424140 0.019403 0.113790
5 0.500000 0.427487 0.026866 0.093710
5 0.597761 0.464301 0.025373 0.051317
5 0.585075 0.587016 0.080597 0.323521
5 0.647761 0.769523 0.119403 0.460954
5 0.732090 0.790719 0.192537 0.418562
5 0.741045 0.622715 0.117910 0.287822
1 0.256716 0.372157 0.513432 0.744314
1 0.835075 0.500000 0.329850 1.000000
1 0.641045 0.417446 0.123881 0.305672