5 0.063433 0.637507 0.126866 0.232184
5 0.018657 0.536067 0.037313 0.074389
5 0.049254 0.513525 0.026866 0.029305
5 0.091045 0.585660 0.068657 0.178083
5 0.272388 0.581152 0.043284 0.123982
5 0.317164 0.602567 0.085075 0.166812
5 0.355224 0.673575 0.170149 0.200625
5 0.415672 0.572135 0.061194 0.101440
5 0.486567 0.608202 0.080597 0.169066
5 0.441335 0.560263 0.042703 0.092673
5 0.499378 0.548679 0.035240 0.078271
5 0.532960 0.551496 0.047678 0.071383
5 0.572761 0.574665 0.060945 0.077645
5 0.580224 0.548366 0.055141 0.096430
5 0.634536 0.521753 0.022803 0.036944
5 0.650191 0.554315 0.037529 0.054478
5 0.637313 0.587415 0.091940 0.096480
5 0.676716 0.541880 0.032239 0.052298
5 0.537015 0.483270 0.052537 0.142466
5 0.364478 0.481467 0.050149 0.155090
5 0.703386 0.552089 0.037752 0.079561
5 0.742894 0.516949 0.032485 0.019890
5 0.706020 0.656180 0.160667 0.263876
5 0.757463 0.795648 0.291045 0.408704
5 0.805970 0.515780 0.047761 0.151032
5 0.851493 0.611584 0.091045 0.202879
5 0.926119 0.653287 0.147761 0.313336
5 0.229104 0.735566 0.344776 0.491419
1 0.500000 0.500000 1.000000 1.000000