5 0.084328 0.805383 0.168656 0.389233
5 0.052239 0.498881 0.104478 0.214820
5 0.152985 0.458602 0.144776 0.286427
5 0.257463 0.469791 0.111940 0.228247
5 0.341045 0.429512 0.055224 0.120837
5 0.394776 0.568250 0.079104 0.111886
5 0.447015 0.473147 0.102985 0.230484
5 0.531343 0.450770 0.071642 0.185730
5 0.582836 0.550349 0.094030 0.116361
5 0.650000 0.456365 0.076119 0.161115
5 0.691045 0.534685 0.104478 0.107410
5 0.718657 0.425037 0.064179 0.125312
5 0.779851 0.448533 0.067164 0.118599
5 0.779851 0.533566 0.064179 0.069369
5 0.841791 0.432869 0.032836 0.091746
5 0.887313 0.427274 0.070149 0.156640
5 0.950746 0.558181 0.044776 0.114123
5 0.862687 0.579439 0.062687 0.111886
5 0.871642 0.806502 0.238806 0.386995
5 0.744030 0.823285 0.273134 0.353430