2 0.405224 0.691886 0.085075 0.103237
2 0.029851 0.889707 0.059701 0.220586
2 0.058955 0.883773 0.067164 0.154856
2 0.107463 0.813078 0.113433 0.139146
2 0.141045 0.785024 0.088060 0.118947
2 0.167164 0.772681 0.098507 0.103237
2 0.184247 0.748867 0.087896 0.110468
2 0.207051 0.734155 0.077114 0.100993
2 0.230683 0.720440 0.072968 0.091018
2 0.243120 0.709842 0.069652 0.079797
2 0.642374 0.721686 0.080431 0.100993
2 0.623303 0.770313 0.038972 0.105980
2 0.678883 0.773430 0.113649 0.134657
2 0.700526 0.848281 0.138593 0.155497
2 0.757463 0.926737 0.156716 0.146525
2 0.838806 0.950302 0.226866 0.099395