10 0.651493 0.234328 0.201493 0.441791
10 0.928358 0.366667 0.137313 0.336318
10 0.579851 0.314925 0.097015 0.292537
10 0.500746 0.449254 0.114925 0.413930
10 0.338060 0.319900 0.207463 0.433831
10 0.182090 0.263184 0.182090 0.443781
10 0.117164 0.397512 0.135821 0.409950
10 0.027612 0.317910 0.055224 0.179104
10 0.823881 0.429353 0.065672 0.191045
10 0.421642 0.506965 0.100000 0.155224
0 0.666418 0.897761 0.491045 0.204478
0 0.573881 0.878109 0.294030 0.240796
0 0.348507 0.756716 0.162687 0.236816
0 0.285075 0.782587 0.200000 0.264677
0 0.188806 0.815423 0.207463 0.306468
0 0.049254 0.830100 0.098507 0.339800
2 0.980597 0.858209 0.038806 0.181095
5 0.714925 0.694776 0.394030 0.610448
5 0.591045 0.721891 0.223881 0.521393
5 0.354478 0.659204 0.138806 0.332338
5 0.292537 0.624378 0.152239 0.326368
5 0.193284 0.619403 0.168657 0.499502
5 0.052239 0.627363 0.104478 0.443781