0 0.193284 0.642289 0.308955 0.290547
5 0.085821 0.843035 0.171642 0.313930
5 0.450000 0.874876 0.153731 0.250248
5 0.673134 0.899751 0.188060 0.200498
5 0.219403 0.548756 0.137313 0.493532
5 0.406716 0.553731 0.156716 0.507463
5 0.373881 0.543781 0.079104 0.407960
5 0.517910 0.519900 0.089552 0.332338
5 0.631343 0.515920 0.167164 0.320398
5 0.726866 0.650249 0.167164 0.342289
5 0.467910 0.579602 0.082090 0.181095
2 0.564179 0.718657 0.871642 0.562686
10 0.833582 0.297015 0.323881 0.583085
10 0.638060 0.219403 0.129851 0.435821
10 0.497015 0.245522 0.283582 0.491044
10 0.314925 0.250249 0.140299 0.497512
10 0.114179 0.317910 0.228358 0.632836