8 0.627612 0.554726 0.034328 0.099502
8 0.924627 0.599502 0.028358 0.069652
8 0.084328 0.545771 0.040299 0.133333
9 0.049254 0.577612 0.029851 0.057711
9 0.480597 0.633333 0.014925 0.025871
9 0.415672 0.616418 0.025373 0.023881
8 0.355224 0.633333 0.020896 0.045771
7 0.577612 0.403483 0.211940 0.780100
2 0.620149 0.741791 0.189552 0.099502
2 0.116418 0.691045 0.059701 0.053731
2 0.026866 0.688060 0.035821 0.035821
8 0.138806 0.620398 0.026866 0.047761
1 0.581343 0.383831 0.837313 0.767662
1 0.089552 0.519900 0.179104 0.324378
5 0.359701 0.694030 0.023881 0.059701