5 0.548507 0.813433 0.189552 0.246766
5 0.611194 0.579602 0.120896 0.368159
5 0.786567 0.569652 0.089552 0.224876
5 0.958955 0.539801 0.079104 0.220896
5 0.726119 0.493035 0.031343 0.095522
5 0.662687 0.479104 0.053731 0.139303
5 0.527612 0.481095 0.019403 0.075622
5 0.513433 0.465174 0.017910 0.059701
5 0.485821 0.471144 0.022388 0.051741
5 0.447015 0.481095 0.022388 0.087562
5 0.383582 0.484080 0.029851 0.109453
5 0.330597 0.477114 0.043284 0.095522
5 0.280597 0.500995 0.041791 0.151244
5 0.236567 0.508955 0.031343 0.139303
5 0.193284 0.561692 0.052239 0.109453
5 0.120896 0.470149 0.035821 0.105473
5 0.072388 0.469154 0.034328 0.095522
5 0.030597 0.461194 0.040299 0.087562
2 0.050000 0.581592 0.100000 0.177114
2 0.837313 0.472139 0.053731 0.049751
2 0.752985 0.464179 0.040299 0.041791
2 0.471642 0.457214 0.038806 0.051741
0 0.642537 0.941542 0.297015 0.116915
0 0.716418 0.791542 0.188060 0.143284
0 0.966418 0.913682 0.067164 0.172636
0 0.394776 0.626368 0.129851 0.067662
0 0.970149 0.651244 0.059701 0.149254
0 0.939552 0.610448 0.120896 0.171144
0 0.770149 0.622388 0.164179 0.147264
0 0.494776 0.585572 0.073134 0.045771
0 0.372388 0.607463 0.114925 0.057711
0 0.246269 0.606468 0.095522 0.047761
0 0.544776 0.610448 0.095522 0.067662
0 0.156716 0.490050 0.053731 0.057711
0 0.545562 0.531422 0.054988 0.075412
0 0.677141 0.597408 0.107620 0.155014
0 0.683425 0.506808 0.029065 0.068081
0 0.453653 0.507332 0.043991 0.054465
0 0.333857 0.503666 0.055774 0.057607
10 0.200000 0.340796 0.214925 0.348259