2 0.500000 0.711078 1.000000 0.577843
2 0.729851 0.440795 0.125373 0.120602
2 0.492537 0.390362 0.116418 0.081132
2 0.120896 0.434217 0.241791 0.177614
2 0.649254 0.384880 0.038806 0.052626
5 0.334328 0.351988 0.137313 0.135952
5 0.778358 0.599771 0.180597 0.635902
5 0.029104 0.425446 0.058208 0.256554
5 0.414925 0.375012 0.038806 0.103060
5 0.382836 0.350892 0.028358 0.072361
5 0.518657 0.379398 0.034328 0.098674
5 0.597015 0.392554 0.029851 0.107446
5 0.911194 0.437506 0.034328 0.144723
5 0.958955 0.400229 0.022388 0.065783
5 0.985075 0.424350 0.029850 0.105253