5 0.720896 0.278466 0.050746 0.212583
2 0.803731 0.207978 0.097015 0.071607
2 0.814179 0.298606 0.123881 0.109648
2 0.620896 0.296368 0.134328 0.118599
2 0.635075 0.205741 0.102985 0.062656
2 0.611940 0.570488 0.128358 0.076082
2 0.685821 0.635382 0.055224 0.067131
2 0.611940 0.633144 0.128358 0.067131
2 0.573881 0.746148 0.070149 0.046992
2 0.575373 0.798735 0.079104 0.049230
2 0.672388 0.742792 0.046269 0.044754
2 0.670896 0.788665 0.052239 0.046992
2 0.784328 0.742792 0.040299 0.031328
2 0.790299 0.777476 0.046269 0.033566
2 0.756716 0.776358 0.026866 0.035803
2 0.822388 0.623074 0.107463 0.051467
2 0.813433 0.570488 0.083582 0.044754
2 0.744776 0.573845 0.047761 0.051467
2 0.747015 0.619718 0.046269 0.040279