1 0.055224 0.564761 0.110448 0.095647
1 0.214925 0.580702 0.068657 0.083691
1 0.144030 0.573728 0.073134 0.057787
1 0.284328 0.559779 0.079104 0.105610
1 0.193284 0.698268 0.064179 0.075720
1 0.079851 0.777974 0.076119 0.067750
1 0.708209 0.576717 0.055224 0.055794
1 0.782090 0.610592 0.077612 0.059779
1 0.199254 0.785944 0.055224 0.079706
1 0.570896 0.736128 0.037313 0.059779
1 0.617164 0.773989 0.055224 0.067750
1 0.476866 0.560776 0.070149 0.043838
1 0.393284 0.530886 0.067164 0.051809
1 0.439552 0.521919 0.064179 0.045831
1 0.398507 0.624540 0.080597 0.063765
1 0.636567 0.672364 0.052239 0.047823
1 0.379624 0.573238 0.086308 0.038120
1 0.529526 0.558943 0.029202 0.030323
1 0.566515 0.594897 0.077223 0.053715
1 0.536989 0.644280 0.070084 0.027724
1 0.442245 0.649045 0.083063 0.032056
1 0.629137 0.600962 0.051914 0.041586
1 0.684620 0.630418 0.052563 0.034655
1 0.409874 0.722143 0.092997 0.062845
1 0.757750 0.698385 0.081515 0.101165
1 0.813433 0.712180 0.061998 0.064378
1 0.865098 0.624044 0.068886 0.068976
1 0.835821 0.634774 0.042480 0.038320