2 0.935075 0.397512 0.129850 0.179104
2 0.856716 0.396517 0.205970 0.149254
2 0.410448 0.369652 0.077612 0.083582
2 0.364179 0.374627 0.026866 0.057711
2 0.341791 0.376617 0.044776 0.061692
2 0.320149 0.378607 0.037313 0.049751
2 0.306716 0.376617 0.037313 0.045771
2 0.267164 0.374627 0.068657 0.049751
5 0.647761 0.699751 0.277612 0.600498
5 0.413433 0.691791 0.253731 0.616418
5 0.338806 0.515920 0.140299 0.220896
5 0.431343 0.458209 0.182090 0.284577
5 0.555970 0.385572 0.064179 0.087562
5 0.662687 0.462189 0.098507 0.312438
5 0.720149 0.487065 0.061194 0.262687
5 0.079104 0.534826 0.074627 0.318408
5 0.099254 0.385572 0.040299 0.075622
5 0.132836 0.569652 0.047761 0.232836
5 0.174627 0.521891 0.101493 0.324378