4 0.447657 0.846758 0.277645 0.165029
4 0.647926 0.800589 0.232129 0.147348
4 0.177977 0.760314 0.202544 0.094303
4 0.058499 0.572692 0.068273 0.076621
4 0.953682 0.682711 0.092636 0.084479
5 0.882331 0.624754 0.182062 0.165029
5 0.634271 0.616896 0.163856 0.310413
5 0.292904 0.671906 0.355021 0.451866
5 0.231458 0.453831 0.059170 0.058939
5 0.115394 0.535363 0.059170 0.084479
5 0.021284 0.603143 0.042568 0.043222
2 0.089558 0.456778 0.179115 0.139489
2 0.620616 0.444990 0.628115 0.343811
2 0.965061 0.484283 0.069878 0.237721
2 0.200735 0.439096 0.134271 0.064833