1 0.131343 0.576082 0.262686 0.234960
1 0.088806 0.740554 0.177612 0.147689
1 0.327612 0.618599 0.168657 0.176779
1 0.448507 0.539160 0.079104 0.205870
1 0.447761 0.659997 0.074627 0.080558
1 0.552985 0.507832 0.085075 0.366985
1 0.523134 0.649927 0.117910 0.060418
1 0.624627 0.624193 0.085075 0.116361
1 0.727612 0.623074 0.198507 0.248386
1 0.874627 0.648808 0.250746 0.228247
5 0.367164 0.863564 0.074627 0.272872
5 0.458955 0.864683 0.055224 0.270634
5 0.519403 0.856851 0.062687 0.286298
5 0.653731 0.847900 0.110448 0.304200
5 0.708209 0.843489 0.064179 0.273001
5 0.760448 0.846846 0.070149 0.288665
5 0.961194 0.880347 0.077612 0.239306
5 0.277612 0.784190 0.047761 0.176779
5 0.231343 0.787546 0.044776 0.174542
5 0.326119 0.756218 0.022388 0.125312
5 0.578358 0.739435 0.022388 0.100697