0 0.426119 0.551467 0.482090 0.651175
0 0.917164 0.392590 0.165672 0.217058
0 0.901493 0.546992 0.197014 0.194681
5 0.478358 0.328879 0.297015 0.657758
5 0.410448 0.835657 0.480597 0.248386
5 0.880597 0.419442 0.107463 0.463207
5 0.978358 0.232593 0.043284 0.335657
5 0.870149 0.169937 0.095522 0.237198
5 0.857463 0.205741 0.061194 0.161115
5 0.750000 0.527971 0.132836 0.228247
5 0.762687 0.428393 0.140299 0.239435
5 0.666418 0.317626 0.100000 0.483346
5 0.571642 0.187839 0.089552 0.232722
5 0.452239 0.510070 0.074627 0.232722
5 0.404478 0.527971 0.068657 0.161115
5 0.302985 0.521258 0.095522 0.192443
5 0.047761 0.533566 0.095522 0.208107
5 0.143284 0.413848 0.080597 0.411739
5 0.105224 0.433987 0.088060 0.366985
5 0.076119 0.448533 0.095522 0.324468
5 0.025373 0.356786 0.050746 0.306567
5 0.129851 0.231474 0.074627 0.127550
5 0.202985 0.394827 0.083582 0.427403
5 0.209701 0.221405 0.049254 0.134263
5 0.270149 0.305319 0.065672 0.185730
5 0.302985 0.278466 0.068657 0.199156
5 0.332836 0.188958 0.035821 0.109648
5 0.358209 0.296368 0.071642 0.194681
5 0.409701 0.220286 0.085075 0.167829
5 0.464179 0.319864 0.086567 0.116361
0 0.584328 0.540279 0.156716 0.158878
5 0.795522 0.135253 0.059701 0.149927