5 0.035821 0.897194 0.071642 0.129787
5 0.061940 0.842370 0.025373 0.064894
5 0.079851 0.886006 0.034328 0.089509
5 0.094776 0.886006 0.031343 0.085033
5 0.122388 0.892719 0.035821 0.098459
5 0.150746 0.936290 0.059701 0.127420
5 0.056716 0.958667 0.107463 0.082666
5 0.182090 0.926220 0.035821 0.147560
5 0.238060 0.927339 0.070149 0.145322
5 0.322388 0.939646 0.074627 0.120708
5 0.352985 0.886006 0.028358 0.085033
5 0.369403 0.922863 0.055224 0.154273
5 0.412687 0.917269 0.037313 0.165462
5 0.434328 0.931814 0.056716 0.136372
5 0.557463 0.939646 0.058209 0.120708
5 0.498507 0.913913 0.122388 0.172174
5 0.768657 0.967618 0.044776 0.064764
5 0.833582 0.953072 0.052239 0.093855
5 0.894030 0.960904 0.062687 0.078191
5 0.945522 0.949716 0.064179 0.100568
5 0.744776 0.932998 0.029851 0.116361
5 0.686567 0.929641 0.044776 0.118599
2 0.973134 0.926284 0.053731 0.098459
1 0.413433 0.566013 0.791045 0.720544