5 0.201493 0.588557 0.035821 0.095522
5 0.458209 0.517910 0.020896 0.045771
5 0.520896 0.572637 0.020896 0.079602
5 0.551493 0.560697 0.019403 0.079602
5 0.570149 0.535821 0.032836 0.073632
5 0.337313 0.723881 0.026866 0.079602
5 0.297015 0.791542 0.032836 0.091542
1 0.149254 0.268408 0.298507 0.536816
1 0.815672 0.332836 0.368656 0.595025
1 0.945522 0.616418 0.108955 0.489552
1 0.077612 0.492040 0.155224 0.407960
1 0.502239 0.382587 0.258209 0.407960
1 0.442537 0.300995 0.294030 0.507463
5 0.982836 0.941542 0.034328 0.116915