10 0.817910 0.358805 0.122388 0.711366
10 0.702985 0.318442 0.074627 0.636884
10 0.234328 0.267784 0.080597 0.535568
10 0.168657 0.276407 0.062687 0.552814
10 0.049254 0.342154 0.098507 0.684308
0 0.546269 0.861072 0.089552 0.262990
0 0.635821 0.663830 0.041791 0.101316
0 0.417910 0.674608 0.047761 0.122872
2 0.210448 0.643351 0.182090 0.219877
2 0.321642 0.595927 0.102985 0.137962
2 0.370149 0.566825 0.041791 0.079759
10 0.360448 0.264551 0.141791 0.529101
10 0.570896 0.262878 0.132836 0.519512
5 0.525373 0.686464 0.149254 0.504423
5 0.422388 0.614250 0.065672 0.230655
5 0.634328 0.603471 0.056716 0.200476
9 0.694030 0.410540 0.041791 0.086226