1 0.081343 0.409505 0.162686 0.455826
1 0.775373 0.440787 0.123881 0.375386
1 0.879851 0.520110 0.240298 0.256961
1 0.744030 0.611722 0.028358 0.051392
2 0.705970 0.659763 0.083582 0.049158
2 0.046269 0.679873 0.092537 0.089378
10 0.119403 0.372336 0.238806 0.744671
7 0.208209 0.468718 0.058209 0.529563
7 0.367164 0.453077 0.035821 0.136301
7 0.437313 0.543572 0.014925 0.084909
7 0.483582 0.571502 0.014925 0.100550
9 0.464383 0.591925 0.015604 0.061955
5 0.343284 0.682826 0.025780 0.146254
5 0.446404 0.691967 0.032564 0.127973
5 0.486092 0.687904 0.026459 0.130004
5 0.510855 0.688412 0.023066 0.120863
5 0.650950 0.674701 0.021031 0.089378
5 0.623474 0.658450 0.013569 0.056877
5 0.577680 0.645754 0.007463 0.037579
1 0.237313 0.567033 0.286567 0.364214
1 0.357463 0.520110 0.126866 0.203334