7 0.058955 0.573780 0.082090 0.852440
7 0.215672 0.585033 0.061194 0.700404
7 0.300000 0.619718 0.038806 0.452018
7 0.339552 0.628669 0.034328 0.371460
7 0.370896 0.633144 0.028358 0.299854
8 0.600746 0.649927 0.013433 0.203632
8 0.419403 0.588390 0.023881 0.071607
9 0.561194 0.633144 0.014925 0.134263
10 0.693284 0.438527 0.317910 0.877054
10 0.622388 0.534685 0.217910 0.492297
10 0.441791 0.519021 0.125373 0.322231
5 0.088060 0.726009 0.032836 0.176779
5 0.117910 0.732722 0.032836 0.149927
5 0.158209 0.731603 0.041791 0.161115
1 0.130597 0.412794 0.261194 0.825587
1 0.282836 0.386995 0.079104 0.689216
1 0.332836 0.384758 0.095522 0.684740
1 0.528358 0.431750 0.119403 0.335657
1 0.932836 0.391535 0.134328 0.783070
1 0.815672 0.376926 0.102985 0.749634