5 0.552239 0.746766 0.200000 0.467662
1 0.284328 0.469154 0.102985 0.342289
1 0.155224 0.499005 0.131343 0.115423
1 0.079104 0.397512 0.083582 0.246766
1 0.018657 0.450249 0.037313 0.133333
1 0.366418 0.583582 0.055224 0.133333
1 0.441791 0.515920 0.095522 0.248756
1 0.564179 0.559701 0.080597 0.165174
1 0.555224 0.413433 0.041791 0.135323
1 0.676866 0.480100 0.162687 0.344279
1 0.772388 0.378607 0.114925 0.471642
1 0.930597 0.287065 0.138806 0.571144
1 0.282090 0.887065 0.564179 0.179104
1 0.832836 0.812438 0.295522 0.061692