2 0.477612 0.727063 0.605970 0.545873
2 0.914925 0.468672 0.170149 0.203632
2 0.727612 0.451889 0.070149 0.120837
2 0.602239 0.423918 0.091045 0.140976
5 0.158209 0.460840 0.107463 0.662363
5 0.800746 0.470910 0.141791 0.758585
5 0.299254 0.460840 0.120896 0.353559
5 0.217164 0.418323 0.055224 0.187968
5 0.449254 0.422799 0.062687 0.179017
5 0.517910 0.433987 0.068657 0.156640
5 0.390299 0.423918 0.028358 0.060418
5 0.014925 0.444057 0.029850 0.203632
5 0.069403 0.441819 0.037313 0.199156
5 0.102239 0.446295 0.028358 0.136501
5 0.647761 0.417205 0.026866 0.158878
5 0.680597 0.400422 0.041791 0.170066
5 0.873134 0.470910 0.071642 0.391600