0 0.397015 0.824378 0.200000 0.169154
5 0.221642 0.713930 0.046269 0.187065
5 0.994776 0.622388 0.010448 0.083582
5 0.981343 0.632338 0.025373 0.091542
5 0.957463 0.622388 0.022388 0.071642
5 0.839552 0.640299 0.031343 0.091542
5 0.806716 0.618408 0.019403 0.039801
5 0.598507 0.657214 0.020896 0.065672
5 0.599254 0.658209 0.049254 0.063682
5 0.453731 0.670149 0.026866 0.083582
5 0.424627 0.682090 0.031343 0.083582
5 0.330597 0.714925 0.043284 0.149254
10 0.275373 0.519900 0.526866 0.798010
10 0.610448 0.517910 0.373134 0.535323
10 0.752239 0.546766 0.167164 0.394030
10 0.813433 0.556716 0.128358 0.294527
10 0.879104 0.561692 0.086567 0.272637
10 0.517164 0.615423 0.120896 0.220896
10 0.955970 0.546766 0.088060 0.202985
10 0.910448 0.561692 0.062687 0.212935