1 0.500000 0.503347 1.000000 0.669354
9 0.326119 0.706384 0.040299 0.058011
9 0.823134 0.711962 0.040299 0.055779
9 0.843293 0.736262 0.011922 0.015521
7 0.731343 0.500000 0.101493 1.000000
7 0.752985 0.648373 0.156716 0.477472
7 0.797015 0.704153 0.101493 0.307903
7 0.132090 0.675148 0.094030 0.245430
9 0.309701 0.790053 0.010448 0.087016
2 0.026119 0.816828 0.052238 0.073629
2 0.072388 0.822405 0.052239 0.062473
2 0.119403 0.817943 0.041791 0.049086
2 0.188806 0.796747 0.079104 0.095941
2 0.255970 0.803440 0.043284 0.055779
2 0.538806 0.854758 0.110448 0.109328
2 0.679104 0.890456 0.152239 0.185188