8 0.745522 0.405473 0.013433 0.031841
8 0.760448 0.406468 0.013433 0.029851
8 0.839552 0.402488 0.010448 0.029851
8 0.903731 0.388557 0.016418 0.029851
8 0.563433 0.361692 0.016418 0.035821
9 0.186567 0.402488 0.026866 0.025871
9 0.190299 0.428358 0.019403 0.021891
9 0.296269 0.407463 0.025373 0.015920
9 0.294776 0.373632 0.028358 0.035821
9 0.363433 0.400498 0.043284 0.069652
7 0.298847 0.476529 0.008820 0.118233
7 0.565807 0.409006 0.006784 0.054274
7 0.195347 0.483575 0.012291 0.083114
7 0.755048 0.455480 0.006146 0.062043
5 0.658209 0.629353 0.137313 0.483582
5 0.910448 0.530846 0.077612 0.258706
5 0.870149 0.470149 0.038806 0.113433
5 0.836567 0.464179 0.019403 0.077612
5 0.505970 0.530846 0.068657 0.187065
5 0.360448 0.588557 0.085075 0.286567
5 0.114925 0.651244 0.146269 0.419900
5 0.032090 0.565672 0.064179 0.252736
5 0.262687 0.511940 0.044776 0.145274
5 0.456716 0.474129 0.032836 0.113433
5 0.564925 0.474129 0.037313 0.105473
5 0.720896 0.480100 0.032836 0.129353
7 0.135075 0.388557 0.025373 0.101493