7 0.970149 0.662839 0.059701 0.393139
7 0.741791 0.696570 0.029851 0.269847
7 0.144030 0.720995 0.025373 0.262868
7 0.262687 0.762868 0.011940 0.160513
7 0.306716 0.773337 0.010448 0.116313
7 0.857463 0.784968 0.019403 0.139576
8 0.831343 0.624455 0.023881 0.069788
8 0.857463 0.620966 0.019403 0.067462
8 0.829851 0.684938 0.023881 0.055830
8 0.421642 0.482553 0.031343 0.102356
8 0.011194 0.638413 0.022388 0.065136
8 0.013433 0.703548 0.026866 0.055830
9 0.454478 0.473248 0.028358 0.046525
2 0.649254 0.817536 0.131343 0.088398
5 0.834328 0.795436 0.026866 0.109335