7 0.627612 0.520139 0.201493 0.848093
7 0.769403 0.686849 0.040299 0.537051
7 0.347761 0.676779 0.044776 0.306567
7 0.267910 0.607410 0.013433 0.507961
7 0.241045 0.467553 0.117910 0.058181
8 0.478358 0.344479 0.031343 0.125312
8 0.642537 0.373569 0.031343 0.116361
9 0.039552 0.578320 0.079104 0.078320
9 0.039552 0.636501 0.079104 0.033566
9 0.147015 0.602935 0.114925 0.087271
9 0.263433 0.576082 0.097015 0.082795
9 0.264179 0.634263 0.092537 0.038041
9 0.679851 0.665591 0.043284 0.114123
9 0.790299 0.634263 0.049254 0.024615
2 0.372388 0.902788 0.198507 0.163353
2 0.099254 0.860272 0.058209 0.073845
2 0.156716 0.846846 0.065672 0.051467
2 0.222388 0.839014 0.047761 0.053705