2 0.142537 0.661194 0.123881 0.065672
2 0.239552 0.661194 0.097015 0.065672
2 0.016418 0.662189 0.032836 0.063682
2 0.349254 0.657214 0.092537 0.049751
2 0.578358 0.647264 0.097015 0.041791
2 0.594030 0.623383 0.056716 0.037811
2 0.664179 0.634328 0.020896 0.027861
2 0.962687 0.624378 0.074626 0.067662
1 0.147761 0.531841 0.292537 0.304478
1 0.341791 0.500000 0.325373 0.320398
1 0.623134 0.505970 0.111940 0.276617
1 0.555970 0.544776 0.102985 0.230846
10 0.152239 0.343035 0.304478 0.686070
10 0.684328 0.365920 0.631343 0.731840
10 0.714179 0.345025 0.180597 0.690050