2 0.038806 0.568107 0.077612 0.156991
2 0.068657 0.542711 0.104478 0.115435
2 0.135821 0.535785 0.080597 0.092348
2 0.162687 0.504617 0.077612 0.090039
2 0.234328 0.516161 0.062687 0.043865
2 0.285821 0.515007 0.061194 0.055409
2 0.326119 0.500000 0.061194 0.066952
2 0.369403 0.446900 0.102985 0.122361
2 0.262687 0.431893 0.104478 0.124670
2 0.132090 0.420350 0.171642 0.147757
9 0.827612 0.284137 0.129851 0.124670
9 0.944030 0.472296 0.043284 0.057717
9 0.956716 0.453826 0.086567 0.076187
7 0.555224 0.309532 0.044776 0.397096
7 0.652985 0.348780 0.037313 0.318600
7 0.748507 0.369559 0.025373 0.258574
7 0.454478 0.255195 0.016418 0.510389
7 0.223881 0.265584 0.020896 0.531167