2 0.311194 0.686003 0.425373 0.289088
2 0.604478 0.579555 0.301493 0.291329
2 0.320896 0.228840 0.110448 0.056025
2 0.174627 0.231081 0.104478 0.069471
2 0.150746 0.189622 0.170149 0.107568
2 0.041045 0.182899 0.082090 0.098604
2 0.294030 0.204189 0.149254 0.091881
2 0.426866 0.188502 0.116418 0.082917
2 0.573881 0.189622 0.114925 0.067230
2 0.668657 0.184020 0.074627 0.060507
2 0.732836 0.186261 0.113433 0.051543
2 0.517164 0.164971 0.082090 0.089640
2 0.413433 0.134718 0.086567 0.060507
2 0.211194 0.113428 0.091045 0.058266
2 0.129104 0.112308 0.073134 0.056025
2 0.035821 0.098862 0.071642 0.056025
2 0.302239 0.141441 0.070149 0.033615
2 0.314179 0.110067 0.076119 0.069471
2 0.668657 0.140320 0.083582 0.044820
2 0.811194 0.173935 0.070149 0.044820
2 0.835075 0.153766 0.082090 0.080676
2 0.876866 0.129115 0.064179 0.062748
2 0.744776 0.121272 0.089552 0.073953
2 0.675373 0.102223 0.052239 0.040338