2 0.934095 0.833006 0.131810 0.333988
2 0.859353 0.854617 0.082474 0.231827
2 0.788661 0.837917 0.147276 0.198428
2 0.735641 0.819253 0.265096 0.176817
2 0.707659 0.795678 0.273933 0.157171
2 0.636967 0.778978 0.250369 0.170923
2 0.075846 0.747544 0.088365 0.041257
2 0.112665 0.734774 0.091311 0.055010
2 0.522649 0.757852 0.191459 0.128793
2 0.427738 0.755123 0.060547 0.097140
2 0.389283 0.743117 0.127639 0.084043
9 0.354919 0.657983 0.039274 0.031652
9 0.156914 0.677083 0.016364 0.024012
9 0.227280 0.691272 0.016364 0.026195
9 0.255098 0.685815 0.019637 0.017463
7 0.152429 0.651277 0.135494 0.229862
7 0.074742 0.609037 0.149484 0.204322
7 0.071796 0.456778 0.143592 0.029470
7 0.071796 0.379175 0.143592 0.023576
7 0.070323 0.248527 0.140646 0.025540