2 0.174627 0.605776 0.176119 0.205076
2 0.078358 0.612252 0.043284 0.131681
2 0.265672 0.576634 0.071642 0.099300
2 0.066418 0.488127 0.025373 0.034539
2 0.089552 0.469778 0.032836 0.041015
2 0.111940 0.492445 0.029851 0.034539
2 0.661194 0.576634 0.074627 0.099300
2 0.503731 0.530222 0.279104 0.446850
2 0.723881 0.579872 0.065672 0.105776
2 0.751493 0.590665 0.046269 0.114411
2 0.838806 0.612252 0.197015 0.209394
2 0.949254 0.585269 0.101492 0.185648
2 0.352985 0.537777 0.025373 0.090665
5 0.026119 0.607935 0.052238 0.226663
7 0.218657 0.290606 0.040299 0.472755
7 0.261940 0.266730 0.016418 0.533460
7 0.326866 0.305717 0.020896 0.606594
7 0.428358 0.160954 0.020896 0.321907
7 0.677612 0.355237 0.032836 0.710473
7 0.185821 0.298162 0.037313 0.401518