1 0.402239 0.516459 0.297015 0.308023
2 0.976119 0.701038 0.047761 0.164592
2 0.916418 0.690457 0.167164 0.157538
2 0.839552 0.677525 0.144776 0.136377
2 0.779104 0.676349 0.131343 0.129323
2 0.701493 0.677525 0.149254 0.108161
2 0.643284 0.664592 0.134328 0.115215
2 0.585075 0.664592 0.140299 0.105809
2 0.505224 0.664592 0.120896 0.105809
2 0.446269 0.659890 0.110448 0.096404
2 0.385821 0.664592 0.100000 0.091701
2 0.309701 0.649309 0.076119 0.089350
2 0.203731 0.654011 0.097015 0.084648
2 0.121642 0.661065 0.100000 0.070540
2 0.017910 0.638728 0.035820 0.077594
5 0.944776 0.748064 0.059701 0.225727
5 0.923881 0.724551 0.044776 0.230429