1 0.132090 0.723158 0.264179 0.531224
9 0.555970 0.431420 0.129851 0.487681
2 0.332090 0.824395 0.138806 0.158932
2 0.385075 0.816775 0.149254 0.113212
2 0.357463 0.763435 0.177612 0.067492
2 0.426119 0.771055 0.144776 0.082732
2 0.427612 0.750372 0.150746 0.084909
2 0.722388 0.682880 0.020896 0.019594
2 0.760448 0.662198 0.028358 0.047897
2 0.785821 0.682880 0.022388 0.023949
2 0.844030 0.687235 0.037313 0.050074
9 0.964179 0.539189 0.071642 0.145869
9 0.930597 0.655666 0.016418 0.039189
9 0.739552 0.630629 0.019403 0.028303