1 0.588060 0.421680 0.349254 0.561666
1 0.782090 0.519021 0.074627 0.255099
1 0.420896 0.561537 0.041791 0.210345
1 0.372388 0.523496 0.058209 0.134263
1 0.355224 0.559299 0.056716 0.076082
1 0.881343 0.527971 0.049254 0.067131
1 0.357463 0.655521 0.153731 0.156640
5 0.138060 0.742792 0.025373 0.058181
6 0.134328 0.769644 0.029851 0.071607
9 0.120149 0.627550 0.022388 0.029090
9 0.150746 0.667829 0.011940 0.029090
9 0.005970 0.654402 0.011940 0.020139
8 0.088060 0.625312 0.023881 0.015664
8 0.030597 0.649927 0.019403 0.011189
7 0.017910 0.431750 0.035820 0.040279
7 0.221642 0.652165 0.013433 0.123074