5 0.794030 0.425373 0.092537 0.338308
5 0.008209 0.464179 0.016418 0.049751
5 0.060448 0.673134 0.120896 0.368159
5 0.118657 0.455224 0.073134 0.202985
5 0.215672 0.469154 0.117910 0.171144
5 0.218657 0.679104 0.228358 0.376119
5 0.397761 0.834080 0.258209 0.331840
5 0.230597 0.405473 0.085075 0.119403
5 0.317164 0.394527 0.076119 0.113433
5 0.346269 0.455224 0.089552 0.179104
5 0.411194 0.398507 0.064179 0.117413
5 0.471642 0.616418 0.211940 0.398010
5 0.548507 0.466169 0.171642 0.193035
5 0.497761 0.378607 0.067164 0.093532
5 0.619403 0.456219 0.083582 0.197015
5 0.726119 0.685075 0.258209 0.384080
5 0.882836 0.534826 0.105970 0.286567
5 0.897015 0.770398 0.205970 0.459204
1 0.500000 0.500000 1.000000 1.000000