5 0.057463 0.664472 0.114925 0.514674
5 0.079104 0.638738 0.149254 0.467682
5 0.011194 0.329934 0.022388 0.046992
5 0.114925 0.383639 0.050746 0.167829
5 0.165672 0.343360 0.038806 0.073845
5 0.170896 0.399303 0.061194 0.132025
5 0.206716 0.346717 0.019403 0.098459
5 0.272388 0.345598 0.031343 0.046992
5 0.306716 0.414967 0.085075 0.118599
5 0.338806 0.344479 0.032836 0.044754
5 0.383582 0.350073 0.044776 0.046992
5 0.510448 0.437344 0.092537 0.266288
5 0.447015 0.775174 0.219403 0.449651
5 0.264925 0.728182 0.198507 0.543635
5 0.088806 0.946359 0.177612 0.107281
5 0.596269 0.920626 0.165672 0.158748
5 0.711194 0.770699 0.240299 0.458602
1 0.500000 0.500000 1.000000 1.000000