5 0.035075 0.956429 0.043284 0.087142
5 0.065672 0.973276 0.041791 0.049230
5 0.243284 0.703632 0.017910 0.064894
5 0.302239 0.815518 0.034328 0.149927
5 0.346269 0.822231 0.026866 0.136501
5 0.358955 0.817755 0.019403 0.132025
5 0.441045 0.698038 0.013433 0.053705
5 0.458209 0.709226 0.023881 0.031328
5 0.473881 0.701394 0.016418 0.038041
5 0.482836 0.693562 0.016418 0.058181
5 0.689552 0.704751 0.014925 0.062656
5 0.518657 0.884887 0.040299 0.176779
5 0.561940 0.887124 0.037313 0.176779
5 0.838806 0.758456 0.023881 0.093984
5 0.861194 0.755099 0.023881 0.091746
5 0.897761 0.747267 0.028358 0.080558
5 0.761940 0.605173 0.010448 0.038041
5 0.770149 0.599578 0.011940 0.044754
1 0.141791 0.508951 0.188060 0.378174
1 0.494776 0.432869 0.583582 0.445305
1 0.752239 0.519021 0.247761 0.223771
1 0.956716 0.657759 0.086567 0.505723
10 0.471642 0.577201 0.205970 0.281952
10 0.347761 0.484336 0.176119 0.346846
10 0.624627 0.414967 0.302985 0.351321
10 0.902239 0.325523 0.195522 0.651046