5 0.867164 0.626802 0.032836 0.044886
5 0.820149 0.700864 0.052239 0.170566
5 0.596269 0.678421 0.013433 0.049374
5 0.290299 0.731161 0.034328 0.154856
7 0.171642 0.629046 0.074627 0.390506
8 0.615672 0.630169 0.013433 0.029176
1 0.057463 0.425615 0.114925 0.851230
1 0.214925 0.404295 0.268657 0.808589
1 0.381343 0.424816 0.117910 0.650843
1 0.451493 0.459603 0.079104 0.509453
1 0.505224 0.477557 0.067164 0.455590
1 0.546269 0.515710 0.053731 0.338887
1 0.593284 0.492145 0.052239 0.332154
1 0.699254 0.598749 0.019403 0.123436
1 0.720896 0.592016 0.026866 0.154856
1 0.732836 0.563962 0.020896 0.193009
1 0.758209 0.414717 0.059701 0.258093
1 0.788060 0.392274 0.032836 0.280536
1 0.801493 0.368709 0.035821 0.327666
1 0.828358 0.314846 0.059701 0.426414
1 0.914179 0.305546 0.171642 0.611092
2 0.650746 0.669444 0.035821 0.035909
2 0.802239 0.666077 0.147761 0.280536
2 0.910448 0.786470 0.179104 0.427060