2 0.028358 0.888585 0.056716 0.222830
2 0.063433 0.891628 0.061194 0.175054
2 0.102239 0.810833 0.117910 0.134657
2 0.142537 0.791757 0.088060 0.118947
2 0.166418 0.769314 0.085075 0.114459
2 0.185075 0.750238 0.083582 0.103237
2 0.205970 0.733406 0.077612 0.092016
2 0.226866 0.723306 0.074627 0.089771
2 0.241791 0.710963 0.062687 0.083039
2 0.838060 0.952547 0.225373 0.094906
2 0.758209 0.926737 0.161194 0.146525
2 0.702985 0.842253 0.134328 0.152611
2 0.677612 0.770436 0.113433 0.125680
2 0.637313 0.770436 0.062687 0.112214
2 0.644030 0.718818 0.085075 0.094260
2 0.408209 0.693009 0.085075 0.105481
2 0.536567 0.290159 0.040299 0.035909
2 0.544776 0.213854 0.032836 0.044886
2 0.320896 0.736960 0.076285 0.023690
2 0.324627 0.708283 0.101990 0.061094
2 0.324627 0.684593 0.077114 0.036158
2 0.328773 0.660280 0.128524 0.067329
2 0.324212 0.633474 0.135987 0.061094
2 0.342454 0.604797 0.104478 0.058601
2 0.352819 0.581730 0.085406 0.049873
2 0.368159 0.553677 0.086235 0.053613
2 0.372305 0.508168 0.076285 0.059848
2 0.391791 0.488218 0.057214 0.052367
2 0.388474 0.429618 0.068823 0.052367
2 0.392206 0.410292 0.066335 0.051120
2 0.392206 0.395330 0.063018 0.038652
2 0.386816 0.371640 0.068823 0.043639
2 0.389718 0.360419 0.094527 0.043639
2 0.391791 0.338599 0.068823 0.029924
2 0.398010 0.326755 0.066335 0.031171
2 0.398839 0.304312 0.063018 0.026183
2 0.412106 0.284363 0.089552 0.033664
2 0.402570 0.294337 0.073798 0.041145
2 0.405473 0.260673 0.059701 0.018702
9 0.696269 0.588649 0.037313 0.053863
7 0.562687 0.103884 0.041791 0.116703
7 0.551493 0.136426 0.037313 0.069573
7 0.413433 0.058675 0.038806 0.117349
1 0.023134 0.379607 0.046268 0.759214
1 0.108209 0.465214 0.198507 0.552094
1 0.132836 0.249762 0.197015 0.350108
1 0.135821 0.148446 0.271642 0.296892
1 0.309701 0.117349 0.114925 0.233406
1 0.963433 0.114782 0.073134 0.229564
1 0.884328 0.114782 0.082090 0.229564
1 0.832090 0.119270 0.064179 0.238540
1 0.795522 0.137225 0.083582 0.274449
1 0.723881 0.206798 0.083582 0.413595
1 0.660448 0.096828 0.055224 0.193655
9 0.494030 0.754726 0.107463 0.026931