1 0.914925 0.504627 0.170149 0.990746
1 0.046269 0.520149 0.092537 0.959701
1 0.123881 0.218209 0.071642 0.226866
1 0.160448 0.228955 0.052239 0.143284
1 0.140299 0.273134 0.038806 0.078806
1 0.202985 0.244478 0.035821 0.093134
1 0.244776 0.220597 0.050746 0.164776
1 0.301493 0.227761 0.050746 0.088358
1 0.335075 0.294627 0.049254 0.059701
1 0.519403 0.221791 0.041791 0.191045
1 0.582836 0.239701 0.040299 0.169552
1 0.653731 0.246866 0.056716 0.150448
1 0.729104 0.250448 0.064179 0.100299
1 0.818657 0.277910 0.037313 0.179104
1 0.500000 0.052388 1.000000 0.104776