1 0.670703 0.258350 0.658593 0.516699
1 0.082596 0.350688 0.165192 0.222004
1 0.279731 0.390963 0.146846 0.106090
5 0.023857 0.543222 0.047714 0.194499
5 0.060931 0.544204 0.067549 0.161100
5 0.131417 0.539293 0.085171 0.155206
5 0.495595 0.494106 0.032306 0.088409
5 0.524964 0.498035 0.038180 0.084479
5 0.564612 0.492141 0.035243 0.072692
5 0.758449 0.453831 0.035243 0.035363
5 0.818655 0.518664 0.091044 0.192534
5 0.877394 0.503929 0.073423 0.123772
5 0.971375 0.482318 0.044054 0.076621
5 0.636567 0.660118 0.367115 0.557957