1 0.497054 0.331041 0.265096 0.371316
1 0.859353 0.364440 0.229750 0.241650
1 0.273195 0.629666 0.129603 0.194499
1 0.101251 0.631631 0.202502 0.178782
1 0.657585 0.533399 0.262151 0.304519
1 0.892858 0.505894 0.214284 0.426326
1 0.363033 0.616896 0.091311 0.196464
2 0.925258 0.832024 0.149484 0.335952
2 0.809279 0.834971 0.200295 0.204322
2 0.720914 0.818271 0.229750 0.182711
2 0.635494 0.777996 0.270988 0.165029
2 0.527982 0.759332 0.167894 0.139489
2 0.457290 0.749509 0.120766 0.115914
2 0.383652 0.746562 0.132548 0.098232
2 0.078791 0.748527 0.088365 0.043222
2 0.128865 0.737721 0.100148 0.064833
2 0.012886 0.754420 0.025772 0.066798
7 0.074742 0.246562 0.149484 0.033399
7 0.073269 0.374263 0.146538 0.029470
7 0.070323 0.457760 0.140646 0.027505
7 0.073269 0.520629 0.146538 0.027505