5 0.475373 0.511940 0.052239 0.270647
5 0.508209 0.526534 0.031343 0.225539
5 0.061940 0.740133 0.120896 0.260033
5 0.202985 0.730846 0.128358 0.294527
5 0.417910 0.720232 0.128358 0.236153
5 0.429851 0.876700 0.185075 0.246600
5 0.526866 0.770647 0.104478 0.299834
5 0.605224 0.699005 0.100000 0.283914
5 0.782090 0.852819 0.220896 0.294362
5 0.634328 0.563682 0.065672 0.098176
5 0.766418 0.608789 0.094030 0.188391
5 0.866418 0.551741 0.055224 0.159204
5 0.937313 0.620730 0.101493 0.238806
5 0.991791 0.546434 0.016418 0.122056
1 0.500000 0.500000 1.000000 1.000000