1 0.183582 0.075373 0.367164 0.150746
1 0.184328 0.304975 0.368656 0.248756
1 0.426119 0.113184 0.132836 0.226368
1 0.397015 0.331841 0.185075 0.214925
9 0.172388 0.848259 0.168657 0.121393
7 0.298507 0.630348 0.597014 0.071642
7 0.571642 0.839303 0.614925 0.063682
2 0.596269 0.067413 0.162687 0.134826
2 0.495522 0.345771 0.077612 0.115423
2 0.503731 0.180597 0.040299 0.103483
2 0.514179 0.094030 0.052239 0.085572
2 0.490299 0.419403 0.046269 0.047761
2 0.470896 0.462189 0.028358 0.061692
2 0.497015 0.236318 0.041791 0.035821
9 0.397761 0.567662 0.028358 0.037811