1 0.894776 0.488447 0.210448 0.508352
1 0.443284 0.412524 0.644776 0.759228
1 0.097761 0.585826 0.064179 0.320196
1 0.032090 0.650195 0.064179 0.171651
5 0.785075 0.818546 0.035821 0.171651
2 0.099254 0.838351 0.114925 0.191457
2 0.918657 0.764079 0.067164 0.069321
2 0.985821 0.782235 0.028358 0.059418
9 0.985589 0.719228 0.011323 0.020381
9 0.986104 0.740341 0.010293 0.021627
10 0.705996 0.679443 0.069480 0.239037
10 0.628024 0.682289 0.058672 0.228793
10 0.562146 0.693671 0.066392 0.256111
10 0.435699 0.667758 0.073598 0.240175
10 0.361329 0.654099 0.060731 0.253835
2 0.475585 0.800367 0.051467 0.070573
2 0.347433 0.791830 0.065878 0.053499
2 0.280269 0.792399 0.064334 0.056914
2 0.362101 0.843621 0.040659 0.070573
6 0.023417 0.781514 0.026248 0.059190