5 0.441791 0.835970 0.134328 0.328060
5 0.666418 0.807919 0.085075 0.213521
5 0.671642 0.874223 0.047761 0.076418
5 0.764179 0.875347 0.062687 0.096646
5 0.861940 0.882090 0.085075 0.119122
5 0.575373 0.842757 0.049254 0.089903
5 0.533582 0.833766 0.019403 0.080913
5 0.504478 0.733749 0.038806 0.060685
5 0.326866 0.842757 0.041791 0.116874
5 0.294776 0.909061 0.070149 0.177559
5 0.232836 0.880966 0.071642 0.148341
5 0.074627 0.888832 0.101493 0.155083
5 0.050000 0.785443 0.034328 0.056190
5 0.085075 0.759596 0.029851 0.071923
5 0.327612 0.752853 0.052239 0.067428
5 0.367910 0.734873 0.025373 0.098894
1 0.500000 0.500000 1.000000 1.000000
7 0.728358 0.397735 0.119403 0.274205
7 0.314179 0.553942 0.067164 0.164074
7 0.605224 0.623617 0.031343 0.074170
7 0.384328 0.646093 0.028358 0.047199
7 0.326866 0.665198 0.041791 0.044952
7 0.229104 0.552818 0.049254 0.089903
7 0.135075 0.556190 0.043284 0.083161
7 0.042537 0.628112 0.034328 0.047199