1 0.220896 0.839552 0.217910 0.320896
1 0.420149 0.754726 0.168657 0.135323
1 0.438806 0.785240 0.131343 0.122056
1 0.326119 0.553068 0.105970 0.092869
1 0.194776 0.668491 0.123881 0.106136
1 0.041045 0.611443 0.082090 0.098176
1 0.147761 0.616750 0.086567 0.076949
1 0.237313 0.630017 0.083582 0.103483
1 0.160448 0.538474 0.108955 0.074295
1 0.065672 0.498673 0.131343 0.100829
1 0.566418 0.526534 0.132836 0.087562
1 0.426866 0.575622 0.077612 0.095522
1 0.520149 0.446932 0.102985 0.092869
1 0.608955 0.452239 0.068657 0.087562
1 0.652985 0.476119 0.043284 0.055721