5 0.652985 0.408458 0.058209 0.220896
5 0.724627 0.398507 0.037313 0.165174
5 0.774627 0.450249 0.056716 0.264677
5 0.911940 0.730846 0.176119 0.479602
5 0.903731 0.611443 0.192537 0.344279
7 0.249254 0.219403 0.131343 0.356219
7 0.443284 0.169652 0.059701 0.173134
9 0.691045 0.195522 0.110448 0.057711
2 0.567910 0.355721 0.138806 0.206965
2 0.422388 0.344776 0.167164 0.212935
7 0.347015 0.251244 0.105970 0.268657
1 0.098507 0.208706 0.197014 0.417412
1 0.342537 0.193781 0.300000 0.387562
1 0.743284 0.200746 0.504478 0.401492
1 0.829851 0.385821 0.340298 0.771642
1 0.169403 0.482090 0.338806 0.197015