5 0.497015 0.571642 0.029851 0.101493
5 0.545522 0.585572 0.037313 0.145274
5 0.499254 0.624378 0.019403 0.051741
5 0.170149 0.637313 0.053731 0.073632
5 0.793284 0.598507 0.049254 0.135323
5 0.726866 0.611443 0.050746 0.105473
5 0.841791 0.578607 0.044776 0.123383
5 0.749254 0.561692 0.023881 0.069652
5 0.717910 0.557711 0.026866 0.073632
5 0.645522 0.605473 0.043284 0.101493
6 0.322388 0.635323 0.134328 0.129353
6 0.291045 0.611443 0.122388 0.073632
1 0.826866 0.336070 0.346268 0.672139
1 0.615672 0.333831 0.097015 0.493532
1 0.217910 0.320149 0.435820 0.640298