5 0.295522 0.740796 0.104478 0.467662
5 0.670149 0.686070 0.089552 0.298507
5 0.731343 0.676119 0.083582 0.246766
5 0.976119 0.673134 0.047761 0.244776
5 0.363433 0.657214 0.055224 0.181095
5 0.407463 0.610448 0.026866 0.059701
5 0.230597 0.649254 0.046269 0.149254
5 0.208955 0.652239 0.047761 0.135323
5 0.110448 0.646269 0.041791 0.187065
5 0.071642 0.632338 0.026866 0.115423
5 0.041791 0.655224 0.035821 0.069652
5 0.535821 0.616418 0.032836 0.103483
5 0.030597 0.614428 0.019403 0.055721
5 0.005224 0.633333 0.010448 0.061692
1 0.499254 0.458209 0.998507 0.606965