1 0.557463 0.416418 0.270149 0.682587
1 0.703731 0.630348 0.100000 0.258706
1 0.874627 0.558706 0.235821 0.405970
1 0.736567 0.436318 0.123881 0.149254
1 0.198507 0.538806 0.397014 0.465672
1 0.391045 0.644279 0.077612 0.206965
7 0.415778 0.704158 0.012082 0.123194
7 0.748025 0.661893 0.032485 0.263389
9 0.778753 0.650187 0.044776 0.047995
5 0.831803 0.718355 0.041332 0.096441
5 0.789897 0.734429 0.044776 0.091848
5 0.737658 0.747441 0.048220 0.142365
5 0.709529 0.748206 0.024110 0.128588
5 0.683697 0.758922 0.041332 0.153081
5 0.596441 0.744379 0.022962 0.078071
5 0.521240 0.738256 0.024110 0.068886
10 0.885075 0.281343 0.229850 0.562686
10 0.186567 0.438308 0.373134 0.599005