1 0.540299 0.495025 0.402985 0.473632
1 0.188060 0.571642 0.298507 0.308458
1 0.020149 0.569652 0.040298 0.308458
1 0.870149 0.601493 0.259701 0.157214
2 0.073881 0.764677 0.147761 0.129353
2 0.208955 0.762687 0.191045 0.145274
2 0.397015 0.764677 0.194030 0.149254
2 0.564179 0.713930 0.107463 0.083582
2 0.655970 0.713930 0.117910 0.087562
2 0.764925 0.714925 0.129851 0.093532
2 0.864179 0.716915 0.131343 0.085572
2 0.962687 0.705970 0.074626 0.111443
2 0.879104 0.670149 0.095522 0.031841
7 0.537313 0.428358 0.101493 0.658706