7 0.809701 0.454194 0.091045 0.782055
7 0.658209 0.508938 0.071642 0.623409
7 0.561194 0.550275 0.059701 0.504984
7 0.492537 0.568150 0.047761 0.429013
7 0.438060 0.593847 0.040299 0.377621
7 0.413433 0.605019 0.038806 0.355276
7 0.374627 0.618425 0.035821 0.306119
7 0.347761 0.628480 0.035821 0.272602
7 0.321642 0.635184 0.031343 0.263664
7 0.305970 0.644121 0.032836 0.245789
2 0.236567 0.764781 0.058209 0.075971
2 0.130597 0.783774 0.061194 0.069268
2 0.178358 0.748023 0.025373 0.024579
5 0.029104 0.818408 0.037313 0.174286