7 0.150746 0.483490 0.301492 0.813709
7 0.424627 0.654487 0.040299 0.429261
7 0.509701 0.655666 0.046269 0.417468
7 0.697761 0.709913 0.031343 0.290105
7 0.793284 0.640335 0.043284 0.462281
7 0.932090 0.761802 0.019403 0.172176
7 0.852985 0.766519 0.013433 0.172176
7 0.884328 0.846711 0.010448 0.044813
7 0.464677 0.837381 0.010945 0.058178
7 0.604478 0.837922 0.007960 0.055033
7 0.610945 0.839494 0.008955 0.048744
7 0.670647 0.841066 0.008955 0.061323
5 0.304478 0.826129 0.020896 0.056606
2 0.436816 0.832418 0.088557 0.062895